,1s,1s,1s,2p,2p,2p,2s,2s,2s,3s,3s,3s
,x,y,z,x,y,z,x,y,z,x,y,z
0,,,,,,,,,,,,
13.6,,,,,,,,,,0.11028,0.10995,0.05365
27.21,,,,,,,,,,0.064611,0.063299,0.042642
40.81,,,,7.1213,7.1328,7.1621,,,,0.041457,0.040783,0.030806
54.42,,,,5.6349,5.6483,5.6835,,,,0.02973,0.029053,0.023347
68.02,,,,4.3936,4.4071,4.4395,0.49503,0.49197,0.43661,0.022613,0.022167,0.018519
81.63,,,,3.4637,3.4769,3.5049,0.44495,0.44296,0.39827,0.01749,0.01771,0.015208
95.23,,,,2.7738,2.7864,2.81,0.40003,0.39967,0.36298,0.014547,0.014602,0.01281
108.84,,,,2.2525,2.2645,2.2842,0.36113,0.36184,0.33122,0.012684,0.01235,0.01099
122.44,,,,1.85,1.8611,1.8776,0.32779,0.32863,0.30274,0.010366,0.010605,0.0095514
136.05,,,,1.5335,1.544,1.5576,0.29896,0.29928,0.27718,0.0094355,0.0092101,0.0083795
149.65,,,,1.2817,1.2914,1.3026,0.27351,0.27315,0.25418,0.0079596,0.0080821,0.0074026
163.26,,,,1.0794,1.0884,1.0976,0.25058,0.2498,0.23343,0.0072446,0.0071233,0.0065745
176.86,,,,0.91587,0.92423,0.93178,0.22968,0.22891,0.21471,0.0062345,0.0063286,0.0058651
190.47,,,,0.78275,0.79052,0.7967,0.2106,0.21022,0.19783,0.0057558,0.0056351,0.0052528
204.07,,,,0.6737,0.68093,0.68597,0.19331,0.1935,0.18262,0.0049188,0.0050509,0.0047218
217.68,,,,0.58372,0.59044,0.59454,0.17782,0.17855,0.16893,0.0046892,0.0045378,0.0042597
231.28,,,,0.50892,0.51517,0.51848,0.16408,0.16517,0.15659,0.0039475,0.0040966,0.0038563
244.89,,,,0.44623,0.45206,0.45471,0.15197,0.15316,0.14547,0.0038277,0.0037134,0.0035032
258.49,,,,0.39328,0.39874,0.40084,0.1413,0.14236,0.13544,0.0033132,0.003373,0.0031931
272.1,,,,0.34824,0.35335,0.35499,0.13181,0.13261,0.12635,0.0030525,0.0030826,0.00292
285.7,,,,0.30968,0.31446,0.31571,0.12328,0.12377,0.11811,0.0029027,0.0028188,0.0026786
299.31,,,,0.27646,0.28093,0.28185,0.1155,0.11575,0.11061,0.0024728,0.0025902,0.0024645
312.91,,,,0.24767,0.25187,0.2525,0.10831,0.10842,0.10375,0.0024482,0.0023876,0.0022738
326.52,,,,0.22262,0.22655,0.22694,0.10161,0.10173,0.097474,0.0022064,0.0022025,0.0021034
340.12,,,,0.20071,0.20441,0.2046,0.095344,0.095593,0.091707,0.001952,0.0020424,0.0019507
353.73,,,,0.1815,0.18498,0.18499,0.089502,0.089959,0.086397,0.0019708,0.0018961,0.0018133
367.33,,,,0.16459,0.16787,0.16773,0.084082,0.084775,0.081495,0.0017353,0.0017626,0.0016894
380.94,,,,0.14966,0.15274,0.15248,0.079091,0.079996,0.076961,0.0015754,0.0016462,0.0015773
394.54,,,,0.13643,0.13933,0.13896,0.074527,0.075581,0.072761,0.0016042,0.0015382,0.0014757
408.15,,,,0.12468,0.12741,0.12696,0.070375,0.071494,0.068866,0.0014149,0.001439,0.0013832
421.75,,,,0.11421,0.11679,0.11625,0.066605,0.067705,0.065247,0.001282,0.0013521,0.001299
435.36,,,,0.10485,0.10728,0.10669,0.063176,0.064185,0.061884,0.001321,0.001271,0.0012221
448.96,,,,0.096463,0.098764,0.098118,0.06004,0.060911,0.058753,0.0011941,0.0011953,0.0011517
462.57,,,,0.088929,0.091102,0.090413,0.057144,0.057859,0.055836,0.0010542,0.0011287,0.0010871
476.17,,,,0.082144,0.084195,0.083469,0.054444,0.055013,0.053116,0.0010877,0.0010671,0.0010277
489.78,,,,0.076013,0.07795,0.077196,0.051899,0.052356,0.050576,0.0010379,0.0010082,0.00097298
503.38,,,,0.07046,0.072291,0.071513,0.049479,0.049871,0.048201,0.00089202,0.00095562,0.00092243
516.99,,,,0.065418,0.067151,0.066355,0.047167,0.047548,0.045978,0.00088431,0.00090787,0.00087564
530.59,,,,0.060831,0.062472,0.061662,0.044954,0.045373,0.043896,0.00090602,0.00086171,0.00083222
544.2,,,,0.056649,0.058203,0.057383,0.042839,0.043334,0.041941,0.00079565,0.00081885,0.00079184
557.8,,,,0.052831,0.054302,0.053475,0.040828,0.041422,0.040104,0.00072244,0.00078062,0.0007542
571.41,,,,0.049339,0.050731,0.0499,0.038928,0.039627,0.038377,0.00076029,0.0007443,0.00071905
585.01,,,,0.04614,0.047455,0.046623,0.037145,0.03794,0.036749,0.00073542,0.00070904,0.00068615
598.62,,,,0.043203,0.044447,0.043615,0.035485,0.036351,0.035215,0.00063154,0.00067696,0.00065531
612.22,,,,0.040503,0.041679,0.04085,0.033946,0.034854,0.033766,0.00060987,0.00064776,0.00062634
625.83,,,,0.038017,0.03913,0.038305,0.032527,0.033441,0.032397,0.00064713,0.00061928,0.0005991
639.43,,,,0.035723,0.036778,0.035958,0.031217,0.032104,0.031101,0.00060136,0.00059182,0.00057342
653.04,,,,0.033607,0.034606,0.033793,0.030008,0.030839,0.029875,0.00051842,0.00056699,0.00054921
666.64,,,,0.031652,0.032597,0.031792,0.028884,0.02964,0.028713,0.00051724,0.000544,0.00052634
680.25,,,,0.029843,0.030737,0.02994,0.027833,0.028502,0.027611,0.00054843,0.00052132,0.00050472
693.85,,,,0.028168,0.029012,0.028224,0.02684,0.027422,0.026566,0.00050351,0.00049952,0.00048428
707.46,,,,0.026614,0.02741,0.026633,0.025891,0.026396,0.025574,0.00043486,0.00047977,0.00046492
721.06,,,,0.02517,0.025922,0.025154,0.024977,0.02542,0.024632,0.00043613,0.00046139,0.00044657
734.67,,,,0.023826,0.024536,0.023779,0.02409,0.024493,0.023736,0.00046625,0.0004432,0.00042918
748.27,,,,0.022574,0.023244,0.022499,0.023225,0.023611,0.022884,0.00043359,0.00042558,0.00041267
761.88,,,,0.021406,0.022039,0.021305,0.022381,0.022772,0.022074,0.00037179,0.00040954,0.000397
775.48,,,,0.020316,0.020914,0.020192,0.021558,0.021974,0.021302,0.00036447,0.00039472,0.00038212
789.09,,,,0.019297,0.019861,0.019151,0.020759,0.021215,0.020567,0.00039469,0.00038008,0.00036798
802.69,,,,0.018345,0.018876,0.018177,0.019987,0.020492,0.019867,0.00038158,0.0003657,0.00035453
816.3,,,,0.017454,0.017953,0.017266,0.019248,0.019804,0.019199,0.00032645,0.00035245,0.00034173
829.9,,,,0.016618,0.017086,0.016411,0.018545,0.019148,0.018561,0.00030394,0.00034035,0.00032955
843.51,,,,0.015834,0.016273,0.01561,0.01788,0.018523,0.017952,0.00032827,0.00032858,0.00031795
857.11,,,,0.015097,0.015508,0.014857,0.017257,0.017926,0.01737,0.0003377,0.00031682,0.0003069
870.72,,,,0.014403,0.014789,0.01415,0.016676,0.017356,0.016813,0.00029777,0.00030569,0.00029636
884.32,,,,0.01375,0.014111,0.013485,0.016136,0.016811,0.016281,0.00026009,0.0002956,0.0002863
897.93,,,,0.013135,0.013473,0.012859,0.015634,0.016289,0.015771,0.00026709,0.00028607,0.0002767
911.53,,,,0.012556,0.012872,0.012269,0.015167,0.015789,0.015283,0.00029109,0.00027652,0.00026754
925.14,,,,0.01201,0.012304,0.011713,0.014731,0.015309,0.014815,0.00027841,0.00026715,0.00025878
938.74,,,,0.011495,0.011768,0.011188,0.01432,0.014848,0.014366,0.00023718,0.0002585,0.00025041
952.35,,,,0.011009,0.011261,0.010693,0.01393,0.014406,0.013935,0.00021923,0.00025059,0.00024241
965.95,,,,0.010549,0.010782,0.010225,0.013556,0.01398,0.013521,0.00023726,0.0002429,0.00023475
979.56,,,,0.010115,0.010329,0.0097832,0.013192,0.013571,0.013124,0.00025232,0.00023514,0.00022742
993.16,,,,0.0097033,0.0098995,0.009365,0.012837,0.013178,0.012742,0.0002301,0.00022765,0.0002204
1006.77,,,,0.0093133,0.0094928,0.0089692,0.012486,0.0128,0.012375,0.00019568,0.00022082,0.00021368
1020.37,,,,0.0089436,0.0091072,0.0085944,0.012138,0.012435,0.012022,0.00018881,0.00021449,0.00020723
1033.98,,,,0.0085928,0.0087415,0.0082392,0.011793,0.012085,0.011683,0.00020854,0.00020822,0.00020106
1047.58,,,,0.00826,0.0083944,0.0079024,0.011451,0.011748,0.011356,0.00021784,0.00020191,0.00019513
1061.19,,,,0.0079442,0.0080646,0.0075829,0.011112,0.011424,0.011042,0.00019473,0.00019586,0.00018945
1074.79,0.047782,0.046036,0.045332,0.0076443,0.0077512,0.0072795,0.010779,0.011112,0.010739,0.00016602,0.00019035,0.00018399
1088.4,0.046984,0.045251,0.044568,0.0073596,0.0074533,0.0069914,0.010454,0.010812,0.010447,0.0001627,0.00018522,0.00017875
1102.0,0.046204,0.044482,0.043822,0.0070888,0.0071697,0.0067175,0.010138,0.010524,0.010166,0.0001811,0.00018011,0.00017372
1115.61,0.04544,0.043732,0.043092,0.0068312,0.0068997,0.0064571,0.0098341,0.010246,0.0098951,0.00018954,0.00017494,0.00016888
1129.21,0.044693,0.042997,0.042378,0.0065858,0.0066426,0.0062093,0.0095441,0.0099781,0.0096339,0.00016976,0.00016998,0.00016423
1142.82,0.043963,0.042279,0.04168,0.0063519,0.0063975,0.0059734,0.0092693,0.0097204,0.0093819,0.00014401,0.00016545,0.00015976
1156.42,0.043248,0.041577,0.040997,0.0061286,0.0061637,0.0057486,0.0090107,0.0094719,0.0091388,0.00013931,0.00016125,0.00015545
1170.03,0.042548,0.04089,0.040329,0.0059155,0.0059406,0.0055344,0.0087685,0.0092322,0.0089042,0.0001551,0.00015707,0.0001513
1183.63,0.041863,0.040218,0.039676,0.005712,0.0057277,0.0053302,0.0085428,0.0090009,0.0086777,0.00016604,0.00015282,0.00014731
1197.24,0.041192,0.039561,0.039037,0.0055176,0.0055243,0.0051353,0.0083326,0.0087775,0.0084589,0.00015239,0.00014869,0.00014346
1210.84,0.040536,0.038918,0.038412,0.0053321,0.0053301,0.0049494,0.0081367,0.0085615,0.0082476,0.00012834,0.00014489,0.00013975
1224.45,0.039893,0.038289,0.0378,0.0051548,0.0051443,0.0047718,0.0079536,0.0083526,0.0080433,0.0001192,0.0001414,0.00013617
1238.05,0.039263,0.037672,0.037201,0.0049854,0.0049666,0.0046022,0.0077813,0.0081504,0.0078458,0.00013044,0.00013797,0.00013272
1251.66,0.038646,0.037069,0.036614,0.0048235,0.0047966,0.0044401,0.0076177,0.0079546,0.0076549,0.00014461,0.00013446,0.00012939
1265.26,0.038042,0.036479,0.03604,0.0046686,0.0046339,0.0042851,0.0074608,0.0077649,0.0074701,0.00013976,0.00013097,0.00012616
1278.87,0.03745,0.0359,0.035477,0.0045203,0.0044781,0.0041369,0.0073087,0.0075811,0.0072914,0.0001188,0.00012772,0.00012305
1292.47,0.03687,0.035334,0.034926,0.0043781,0.0043288,0.0039951,0.0071593,0.0074028,0.0071183,0.00010409,0.00012475,0.00012004
1306.08,0.036302,0.034779,0.034387,0.0042418,0.0041857,0.0038593,0.0070112,0.00723,0.0069507,0.00010792,0.00012191,0.00011713
1319.68,0.035744,0.034236,0.033858,0.004111,0.0040486,0.0037293,0.0068633,0.0070624,0.0067884,0.00012257,0.00011902,0.00011431
1333.29,0.035197,0.033703,0.033339,0.0039854,0.0039171,0.0036048,0.0067146,0.0068999,0.0066311,0.00012776,0.00011607,0.00011158
1346.89,0.034662,0.033181,0.032832,0.0038648,0.0037909,0.0034855,0.0065649,0.0067424,0.0064787,0.00011407,0.00011324,0.00010894
1360.5,0.034136,0.032669,0.032334,0.0037491,0.0036698,0.0033711,0.006414,0.0065897,0.006331,9.5701e-05,0.00011064,0.00010639
1374.1,0.033621,0.032168,0.031846,0.003638,0.0035535,0.0032614,0.0062624,0.0064416,0.0061877,9.0002e-05,0.00010824,0.00010391
1387.71,0.033115,0.031676,0.031367,0.0035313,0.0034419,0.0031562,0.0061107,0.0062981,0.0060487,9.9584e-05,0.00010585,0.0001015
1401.31,0.032619,0.031194,0.030898,0.003429,0.0033346,0.0030553,0.0059598,0.0061589,0.0059139,0.00011177,0.0001034,9.9171e-05
1414.92,0.032132,0.030721,0.030437,0.0033307,0.0032315,0.0029584,0.0058107,0.006024,0.005783,0.00010998,0.00010093,9.6909e-05
1428.52,0.031655,0.030259,0.029987,0.0032363,0.0031324,0.0028653,0.0056648,0.0058934,0.0056561,9.4179e-05,9.8616e-05,9.4718e-05
1442.13,0.031187,0.029804,0.029544,0.0031454,0.0030371,0.002776,0.0055229,0.0057667,0.0055329,8.026e-05,9.6498e-05,9.2589e-05
1455.73,0.030728,0.029359,0.029111,0.003058,0.0029454,0.0026901,0.0053861,0.0056438,0.0054132,7.9744e-05,9.45e-05,9.0524e-05
1469.34,0.030277,0.028922,0.028685,0.0029737,0.0028571,0.0026075,0.0052554,0.0055246,0.005297,9.0718e-05,9.2482e-05,8.8518e-05
1482.94,0.029834,0.028493,0.028267,0.0028924,0.0027721,0.0025281,0.0051313,0.0054088,0.005184,9.9972e-05,9.0397e-05,8.6569e-05
1496.55,0.0294,0.028074,0.027859,0.0028141,0.0026903,0.0024517,0.0050146,0.0052967,0.0050745,9.5137e-05,8.8335e-05,8.4679e-05
1510.15,0.028974,0.027661,0.027457,0.0027385,0.0026115,0.0023783,0.0049051,0.0051876,0.0049679,8.0121e-05,8.6407e-05,8.2841e-05
1523.76,0.028556,0.027257,0.027063,0.0026655,0.0025355,0.0023075,0.0048031,0.0050816,0.0048643,6.9257e-05,8.4647e-05,8.1056e-05
1537.36,0.028146,0.026861,0.026677,0.0025952,0.0024622,0.0022394,0.0047083,0.0049785,0.0047637,7.0675e-05,8.2967e-05,7.9321e-05
1550.97,0.027743,0.026472,0.026298,0.0025273,0.0023916,0.0021738,0.0046201,0.0048783,0.0046658,8.1261e-05,8.1257e-05,7.7635e-05
1564.57,0.027347,0.02609,0.025925,0.0024619,0.0023234,0.0021106,0.0045378,0.0047805,0.0045705,8.9046e-05,7.9489e-05,7.5993e-05
1578.18,0.02696,0.025716,0.025561,0.0023988,0.0022577,0.0020497,0.0044611,0.0046857,0.0044781,8.4021e-05,7.7747e-05,7.4402e-05
1591.78,0.026578,0.025349,0.025203,0.002338,0.0021943,0.001991,0.0043885,0.004593,0.004388,7.0423e-05,7.612e-05,7.2852e-05
1605.39,0.026204,0.024989,0.024851,0.0022792,0.002133,0.0019344,0.0043193,0.0045028,0.0043004,6.0707e-05,7.4634e-05,7.1345e-05
1618.99,0.025837,0.024635,0.024507,0.0022224,0.0020739,0.0018797,0.0042526,0.0044148,0.0042151,6.1788e-05,7.3217e-05,6.9879e-05
1632.6,0.025477,0.024288,0.024168,0.0021675,0.0020167,0.001827,0.0041873,0.004329,0.0041321,7.1231e-05,7.1775e-05,6.8453e-05
1646.2,0.025123,0.023948,0.023836,0.0021144,0.0019615,0.0017762,0.0041227,0.0042454,0.0040514,7.8981e-05,7.0282e-05,6.7066e-05
1659.81,0.024775,0.023614,0.02351,0.0020629,0.0019081,0.001727,0.0040579,0.0041637,0.0039726,7.5692e-05,6.8795e-05,6.5715e-05
1673.41,0.024433,0.023285,0.023189,0.002013,0.0018565,0.0016796,0.0039923,0.0040841,0.0038959,6.378e-05,6.7402e-05,6.44e-05
1687.02,0.024097,0.022963,0.022875,0.0019647,0.0018066,0.0016338,0.0039256,0.0040064,0.0038212,5.3941e-05,6.6132e-05,6.312e-05
1700.62,0.023767,0.022647,0.022566,0.0019178,0.0017583,0.0015896,0.0038575,0.0039307,0.0037485,5.3227e-05,6.4932e-05,6.1874e-05
1714.23,0.023444,0.022336,0.022263,0.0018724,0.0017116,0.0015468,0.0037878,0.0038569,0.0036776,6.092e-05,6.3722e-05,6.0662e-05
1727.83,0.023125,0.022031,0.021965,0.0018285,0.0016665,0.0015055,0.0037167,0.003785,0.0036085,6.9388e-05,6.2463e-05,5.9481e-05
1741.44,0.022812,0.021731,0.021672,0.001786,0.0016227,0.0014655,0.0036443,0.0037148,0.0035411,6.9322e-05,6.1192e-05,5.833e-05
1755.04,0.022505,0.021437,0.021384,0.0017448,0.0015804,0.0014268,0.003571,0.0036464,0.0034753,5.9888e-05,5.9981e-05,5.7208e-05
1768.65,0.022202,0.021147,0.021101,0.0017049,0.0015394,0.0013895,0.0034974,0.0035798,0.0034112,4.9542e-05,5.8875e-05,5.6115e-05
1782.25,0.021905,0.020863,0.020824,0.0016663,0.0014997,0.0013533,0.0034239,0.0035148,0.0033487,4.608e-05,5.7849e-05,5.5051e-05
1795.86,0.021613,0.020584,0.020551,0.0016288,0.0014612,0.0013183,0.0033513,0.0034515,0.0032877,5.1025e-05,5.6833e-05,5.4014e-05
1809.46,0.021326,0.02031,0.020283,0.0015926,0.001424,0.0012845,0.00328,0.0033899,0.0032282,5.9699e-05,5.5778e-05,5.3003e-05
1823.07,0.021043,0.02004,0.020019,0.0015573,0.0013879,0.0012516,0.0032107,0.0033298,0.0031701,6.3534e-05,5.4691e-05,5.2017e-05
1836.67,0.020765,0.019775,0.01976,0.001523,0.0013529,0.0012199,0.0031439,0.0032712,0.0031134,5.797e-05,5.3629e-05,5.1056e-05
1850.28,0.020492,0.019514,0.019505,0.0014897,0.0013189,0.0011891,0.00308,0.003214,0.003058,4.7823e-05,5.2648e-05,5.0118e-05
1863.88,0.020223,0.019258,0.019254,0.0014573,0.001286,0.0011594,0.0030193,0.0031582,0.0030039,4.1245e-05,5.175e-05,4.9204e-05
1877.49,0.019959,0.019006,0.019007,0.0014258,0.0012541,0.0011305,0.0029623,0.0031037,0.0029511,4.2209e-05,5.0891e-05,4.8312e-05
1891.09,0.019699,0.018759,0.018766,0.0013952,0.0012232,0.0011026,0.002909,0.0030506,0.0028995,4.9244e-05,5.0015e-05,4.7443e-05
1904.7,0.019444,0.018516,0.018527,0.0013654,0.0011931,0.0010754,0.0028594,0.0029987,0.0028492,5.6126e-05,4.9098e-05,4.6595e-05
1918.3,0.019192,0.018277,0.018293,0.0013364,0.001164,0.0010492,0.0028134,0.002948,0.0028,5.5892e-05,4.8173e-05,4.5767e-05
1931.91,0.018945,0.018042,0.018063,0.0013083,0.0011357,0.0010237,0.0027709,0.0028984,0.0027519,4.8164e-05,4.7292e-05,4.4958e-05
1945.51,0.018701,0.01781,0.017836,0.001281,0.0011082,0.00099897,0.0027316,0.0028498,0.0027049,3.945e-05,4.6487e-05,4.4169e-05
1959.12,0.018461,0.017582,0.017613,0.0012545,0.0010815,0.000975,0.0026951,0.0028023,0.0026589,3.588e-05,4.5744e-05,4.3399e-05
1972.72,0.018227,0.01736,0.017395,0.0012287,0.0010557,0.00095177,0.0026612,0.0027559,0.0026141,3.9089e-05,4.5016e-05,4.2649e-05
1986.33,0.017995,0.01714,0.017179,0.0012036,0.0010305,0.0009292,0.0026291,0.0027103,0.0025702,4.6305e-05,4.4257e-05,4.1914e-05
1999.93,0.017767,0.016923,0.016967,0.0011793,0.0010061,0.0009073,0.0025985,0.0026657,0.0025273,5.1257e-05,4.3468e-05,4.1198e-05
2013.54,0.017542,0.016711,0.016758,0.0011555,0.00098232,0.00088603,0.0025689,0.002622,0.0024853,4.8922e-05,4.2683e-05,4.0498e-05
2027.14,0.017321,0.016502,0.016553,0.0011324,0.00095924,0.00086538,0.0025398,0.0025792,0.0024443,4.1029e-05,4.1945e-05,3.9814e-05
2040.75,0.017104,0.016296,0.016351,0.0011098,0.00093682,0.00084534,0.0025107,0.0025372,0.0024041,3.3867e-05,4.1274e-05,3.9145e-05
2054.35,0.016889,0.016092,0.016152,0.0010878,0.00091502,0.00082587,0.0024811,0.0024959,0.0023647,3.1976e-05,4.0645e-05,3.849e-05
2067.96,0.01668,0.015895,0.015958,0.0010663,0.00089383,0.00080697,0.0024512,0.0024559,0.0023266,3.5957e-05,4.0024e-05,3.7856e-05
2081.56,0.016473,0.015699,0.015765,0.0010454,0.00087322,0.00078859,0.0024201,0.0024164,0.002289,4.2748e-05,3.9369e-05,3.7232e-05
2095.17,0.016269,0.015506,0.015576,0.0010249,0.00085317,0.00077073,0.0023879,0.0023777,0.0022522,4.661e-05,3.8689e-05,3.6622e-05
2108.77,0.016068,0.015317,0.01539,0.0010049,0.00083366,0.00075337,0.0023544,0.0023399,0.0022163,4.3704e-05,3.8018e-05,3.6026e-05
2122.38,0.015871,0.01513,0.015207,0.00098542,0.00081468,0.00073648,0.0023197,0.0023028,0.0021811,3.6287e-05,3.739e-05,3.5443e-05
2135.98,0.015676,0.014946,0.015026,0.00096643,0.00079621,0.00072007,0.0022836,0.0022664,0.0021465,3e-05,3.6817e-05,3.4872e-05
2149.59,0.015486,0.014767,0.01485,0.00094796,0.00077827,0.00070414,0.0022468,0.0022311,0.002113,2.8576e-05,3.6286e-05,3.4317e-05
2163.19,0.015297,0.014589,0.014675,0.00092995,0.00076078,0.00068863,0.0022088,0.0021962,0.0020799,3.2355e-05,3.5748e-05,3.377e-05
2176.8,0.015111,0.014414,0.014502,0.0009124,0.00074377,0.00067354,0.0021702,0.0021621,0.0020475,3.8613e-05,3.5186e-05,3.3236e-05
2190.4,0.014928,0.014242,0.014333,0.00089529,0.00072719,0.00065886,0.0021315,0.0021288,0.0020159,4.2278e-05,3.46e-05,3.2713e-05
2204.01,0.014748,0.014073,0.014167,0.0008786,0.00071105,0.00064457,0.0020927,0.0020963,0.0019848,3.9853e-05,3.402e-05,3.2201e-05
2217.61,0.014571,0.013906,0.014002,0.0008623,0.00069533,0.00063066,0.0020543,0.0020644,0.0019545,3.3147e-05,3.3476e-05,3.17e-05
2231.22,0.014396,0.013741,0.01384,0.00084636,0.00068001,0.00061711,0.0020166,0.0020331,0.0019246,2.7138e-05,3.298e-05,3.1208e-05
2244.82,0.014225,0.01358,0.013682,0.00083085,0.00066514,0.00060398,0.0019801,0.0020028,0.0018956,2.5325e-05,3.2522e-05,3.073e-05
2258.43,0.014055,0.013421,0.013525,0.00081562,0.00065062,0.00059116,0.0019447,0.0019728,0.001867,2.8285e-05,3.2062e-05,3.0259e-05
2272.03,0.013888,0.013264,0.01337,0.00080072,0.00063647,0.00057868,0.0019109,0.0019436,0.0018389,3.3997e-05,3.1581e-05,2.9797e-05
2285.64,0.013724,0.01311,0.013218,0.00078612,0.00062269,0.00056653,0.0018789,0.0019149,0.0018115,3.8157e-05,3.1076e-05,2.9345e-05
2299.24,0.013562,0.012958,0.013069,0.00077182,0.00060925,0.00055468,0.0018489,0.0018869,0.0017846,3.7072e-05,3.057e-05,2.8903e-05
2312.85,0.013403,0.012808,0.012921,0.00075781,0.00059614,0.00054314,0.0018208,0.0018594,0.0017582,3.1417e-05,3.009e-05,2.8469e-05
2326.45,0.013245,0.01266,0.012775,0.00074405,0.00058332,0.00053186,0.0017947,0.0018324,0.0017322,2.5401e-05,2.9651e-05,2.8042e-05
2340.06,0.013091,0.012516,0.012633,0.00073079,0.00057096,0.00052099,0.0017709,0.0018061,0.001707,2.265e-05,2.9251e-05,2.7627e-05
2353.66,0.012938,0.012373,0.012491,0.00071771,0.00055883,0.00051032,0.001749,0.0017801,0.0016821,2.4279e-05,2.8856e-05,2.7217e-05
2367.27,0.012787,0.012232,0.012352,0.00070495,0.00054701,0.00049993,0.0017288,0.0017546,0.0016577,2.9168e-05,2.8446e-05,2.6816e-05
2380.87,0.012639,0.012093,0.012215,0.00069249,0.00053548,0.0004898,0.0017104,0.0017296,0.0016337,3.3996e-05,2.8012e-05,2.6422e-05
2394.48,0.012493,0.011956,0.01208,0.00068032,0.00052423,0.00047993,0.0016935,0.001705,0.0016103,3.485e-05,2.7568e-05,2.6036e-05
2408.08,0.012349,0.011821,0.011947,0.00066841,0.00051324,0.00047029,0.0016778,0.0016809,0.0015873,3.0811e-05,2.7139e-05,2.5658e-05
2421.69,0.012207,0.011688,0.011816,0.00065674,0.00050252,0.00046088,0.0016632,0.0016571,0.0015647,2.4899e-05,2.6745e-05,2.5286e-05
2435.29,0.012067,0.011558,0.011687,0.00064544,0.00049213,0.00045178,0.0016493,0.0016338,0.0015426,2.0915e-05,2.6385e-05,2.4922e-05
2448.9,0.011929,0.011429,0.011559,0.00063428,0.00048193,0.00044284,0.0016359,0.0016109,0.0015208,2.0728e-05,2.6043e-05,2.4564e-05
2462.5,0.011793,0.011302,0.011433,0.00062336,0.00047199,0.00043413,0.0016226,0.0015883,0.0014994,2.4165e-05,2.5695e-05,2.4213e-05
2476.11,0.011659,0.011176,0.011309,0.00061265,0.00046229,0.00042564,0.0016092,0.001566,0.0014785,2.9147e-05,2.5326e-05,2.3868e-05
2489.71,0.011527,0.011053,0.011187,0.00060213,0.00045282,0.00041735,0.0015956,0.0015442,0.0014579,3.2086e-05,2.494e-05,2.353e-05
2503.32,0.011397,0.010931,0.011067,0.0005918,0.00044357,0.00040926,0.0015815,0.0015227,0.0014377,3.0488e-05,2.4556e-05,2.3198e-05
2516.92,0.011268,0.010812,0.010949,0.00058158,0.00043449,0.00040131,0.0015667,0.0015016,0.0014179,2.5456e-05,2.4195e-05,2.2873e-05
2530.53,0.011142,0.010694,0.010832,0.00057174,0.00042575,0.00039368,0.0015511,0.0014809,0.0013985,2.0468e-05,2.3866e-05,2.2553e-05
2544.13,0.011017,0.010578,0.010717,0.00056196,0.00041714,0.00038615,0.0015346,0.0014605,0.0013794,1.824e-05,2.3563e-05,2.2239e-05
2557.74,0.010894,0.010463,0.010603,0.00055238,0.00040873,0.0003788,0.0015171,0.0014404,0.0013607,1.957e-05,2.3266e-05,2.1931e-05
2571.34,0.010773,0.01035,0.010491,0.00054301,0.00040052,0.00037163,0.0014986,0.0014207,0.0013422,2.3651e-05,2.2956e-05,2.1628e-05
2584.95,0.010653,0.010238,0.01038,0.00053383,0.00039251,0.00036463,0.0014792,0.0014013,0.0013241,2.7992e-05,2.2627e-05,2.133e-05
2598.55,0.010535,0.010128,0.010271,0.00052485,0.00038468,0.0003578,0.001459,0.0013823,0.0013063,2.9381e-05,2.2288e-05,2.1037e-05
2612.16,0.010418,0.010019,0.010163,0.00051604,0.00037702,0.0003511,0.0014381,0.0013636,0.0012889,2.6584e-05,2.1957e-05,2.075e-05
2625.76,0.010304,0.0099132,0.010058,0.00050747,0.00036958,0.00034461,0.0014167,0.0013454,0.0012718,2.1596e-05,2.1651e-05,2.047e-05
2639.37,0.010191,0.009808,0.0099533,0.00049903,0.00036227,0.00033823,0.0013949,0.0013274,0.001255,1.7573e-05,2.1372e-05,2.0193e-05
2652.97,0.01008,0.0097043,0.0098504,0.00049076,0.00035512,0.00033199,0.0013729,0.0013098,0.0012385,1.642e-05,2.1112e-05,1.9921e-05
2666.58,0.0099696,0.009602,0.0097487,0.00048265,0.00034814,0.0003259,0.0013508,0.0012925,0.0012222,1.8428e-05,2.0852e-05,1.9654e-05
2680.18,0.009861,0.0095009,0.0096483,0.00047469,0.00034132,0.00031995,0.0013289,0.0012755,0.0012063,2.2536e-05,2.0578e-05,1.9391e-05
2693.79,0.0097537,0.0094011,0.0095491,0.00046688,0.00033466,0.00031414,0.0013074,0.0012588,0.0011905,2.6233e-05,2.0287e-05,1.9133e-05
2707.39,0.0096472,0.0093021,0.0094507,0.00045921,0.00032815,0.00030845,0.0012864,0.0012423,0.001175,2.6785e-05,1.9988e-05,1.8878e-05
2721.0,0.0095447,0.0092069,0.009356,0.00045166,0.00032179,0.00030291,0.0012665,0.0012265,0.0011601,2.3649e-05,1.9705e-05,1.8632e-05
2734.6,0.0094416,0.0091111,0.0092607,0.00044423,0.00031556,0.00029747,0.0012472,0.0012106,0.0011451,1.8987e-05,1.9439e-05,1.8387e-05
2748.21,0.0093403,0.009017,0.0091671,0.0004369,0.00030947,0.00029216,0.001229,0.0011952,0.0011305,1.5563e-05,1.9199e-05,1.8147e-05
2761.81,0.0092404,0.0089242,0.0090748,0.0004297,0.00030351,0.00028696,0.0012119,0.00118,0.0011161,1.4845e-05,1.8974e-05,1.7911e-05
2775.42,0.0091418,0.0088326,0.0089836,0.00042261,0.00029768,0.00028187,0.0011959,0.001165,0.001102,1.6949e-05,1.8747e-05,1.7678e-05
2789.02,0.0090443,0.0087421,0.0088935,0.00041566,0.00029198,0.0002769,0.0011812,0.0011503,0.0010881,2.0831e-05,1.8506e-05,1.745e-05
2802.63,0.0089478,0.0086525,0.0088042,0.00040883,0.00028641,0.00027203,0.0011677,0.0011358,0.0010743,2.4181e-05,1.825e-05,1.7225e-05
2816.23,0.0088526,0.0085641,0.0087161,0.00040214,0.00028097,0.00026728,0.0011554,0.0011215,0.0010608,2.4584e-05,1.7989e-05,1.7003e-05
2829.84,0.0087604,0.0084786,0.0086309,0.00039558,0.00027565,0.00026263,0.0011444,0.0011077,0.0010477,2.1639e-05,1.7741e-05,1.6789e-05
2843.44,0.0086678,0.0083927,0.0085453,0.00038914,0.00027043,0.00025808,0.0011343,0.0010939,0.0010347,1.7327e-05,1.7509e-05,1.6575e-05
2857.05,0.0085768,0.0083082,0.008461,0.00038283,0.00026533,0.00025362,0.0011253,0.0010803,0.0010219,1.4128e-05,1.7299e-05,1.6366e-05
2870.65,0.008487,0.008225,0.008378,0.00037663,0.00026034,0.00024926,0.0011171,0.0010669,0.0010093,1.3368e-05,1.7102e-05,1.616e-05
2884.26,0.0083984,0.0081428,0.0082959,0.00037055,0.00025545,0.00024499,0.0011097,0.0010538,0.00099694,1.5188e-05,1.6905e-05,1.5957e-05
2897.86,0.0083107,0.0080615,0.0082148,0.00036458,0.00025066,0.0002408,0.0011028,0.0010408,0.00098475,1.8748e-05,1.6696e-05,1.5758e-05
2911.47,0.0082234,0.0079805,0.0081339,0.00035871,0.00024598,0.0002367,0.0010962,0.0010278,0.00097265,2.206e-05,1.6471e-05,1.556e-05
2925.07,0.0081403,0.0079035,0.008057,0.00035298,0.00024142,0.00023272,0.0010903,0.0010155,0.0009611,2.2865e-05,1.6247e-05,1.5372e-05
2938.68,0.0080553,0.0078246,0.0079782,0.00034731,0.00023694,0.0002288,0.0010841,0.0010029,0.00094939,2.0486e-05,1.6023e-05,1.5181e-05
2952.28,0.0079719,0.0077474,0.007901,0.00034173,0.00023255,0.00022496,0.0010779,0.00099056,0.00093794,1.6514e-05,1.5817e-05,1.4994e-05
2965.89,0.0078898,0.0076713,0.0078249,0.00033623,0.00022826,0.0002212,0.0010715,0.00097842,0.00092668,1.3245e-05,1.563e-05,1.481e-05
2979.49,0.0078089,0.0075963,0.0077499,0.0003308,0.00022405,0.00021752,0.0010648,0.00096647,0.00091562,1.207e-05,1.5457e-05,1.463e-05
2993.1,0.0077291,0.0075223,0.0076759,0.00032545,0.00021993,0.00021391,0.0010577,0.00095469,0.00090474,1.3285e-05,1.5285e-05,1.4453e-05
3006.7,0.0076502,0.0074492,0.0076027,0.00032017,0.0002159,0.00021037,0.00105,0.00094306,0.00089402,1.6353e-05,1.5105e-05,1.4278e-05
3020.31,0.0075718,0.0073765,0.00753,0.00031497,0.00021194,0.0002069,0.0010417,0.00093154,0.00088341,1.9724e-05,1.4912e-05,1.4106e-05
3033.91,0.0074961,0.0073065,0.0074599,0.00030991,0.00020811,0.00020354,0.0010328,0.0009204,0.00087316,2.1266e-05,1.4714e-05,1.3939e-05
3047.52,0.0074198,0.0072357,0.007389,0.00030489,0.00020432,0.00020021,0.0010231,0.00090922,0.00086288,1.9827e-05,1.4515e-05,1.3772e-05
3061.12,0.0073445,0.007166,0.0073191,0.00029996,0.00020062,0.00019696,0.0010127,0.00089822,0.00085278,1.6339e-05,1.4329e-05,1.3608e-05
3074.73,0.0072704,0.0070973,0.0072503,0.00029512,0.00019699,0.00019378,0.0010016,0.00088741,0.00084284,1.2885e-05,1.416e-05,1.3447e-05
3088.33,0.0071973,0.0070295,0.0071824,0.00029037,0.00019344,0.00019065,0.00098997,0.00087678,0.00083308,1.1054e-05,1.4005e-05,1.3288e-05
3101.94,0.0071252,0.0069628,0.0071154,0.0002857,0.00018995,0.00018759,0.00097776,0.00086633,0.00082347,1.1395e-05,1.3857e-05,1.3133e-05
3115.54,0.0070541,0.0068968,0.0070493,0.0002811,0.00018653,0.00018458,0.00096507,0.00085605,0.00081401,1.3705e-05,1.3703e-05,1.298e-05
3129.15,0.0069835,0.0068314,0.0069837,0.00027657,0.00018317,0.00018161,0.00095197,0.00084589,0.00080466,1.6974e-05,1.3538e-05,1.2828e-05
3142.75,0.0069147,0.0067678,0.0069197,0.00027223,0.00017994,0.00017877,0.00093873,0.00083601,0.00079555,1.9362e-05,1.3366e-05,1.2681e-05
3156.36,0.006846,0.006704,0.0068558,0.00026787,0.00017673,0.00017594,0.00092523,0.00082619,0.00078648,1.9251e-05,1.3189e-05,1.2534e-05
3169.96,0.006778,0.0066411,0.0067925,0.00026359,0.00017359,0.00017316,0.00091172,0.00081653,0.00077755,1.6655e-05,1.3019e-05,1.239e-05
3183.57,0.006711,0.0065789,0.0067301,0.00025938,0.00017051,0.00017045,0.00089831,0.00080703,0.00076875,1.3187e-05,1.2864e-05,1.2248e-05
3197.17,0.0066448,0.0065176,0.0066685,0.00025524,0.0001675,0.00016779,0.00088514,0.00079769,0.00076009,1.0634e-05,1.2723e-05,1.2108e-05
3210.78,0.0065795,0.0064571,0.0066077,0.00025114,0.00016454,0.00016517,0.00087232,0.00078851,0.00075157,9.919e-06,1.2592e-05,1.197e-05
3224.38,0.0065152,0.0063975,0.0065477,0.00024709,0.00016164,0.0001626,0.00085997,0.0007795,0.00074319,1.117e-05,1.2461e-05,1.1835e-05
3237.99,0.0064517,0.0063387,0.0064885,0.00024307,0.00015878,0.00016007,0.00084816,0.00077064,0.00073493,1.3909e-05,1.2322e-05,1.1702e-05
3251.59,0.0063891,0.0062806,0.0064301,0.00023921,0.00015604,0.00015764,0.00083698,0.00076192,0.00072681,1.6853e-05,1.2174e-05,1.1571e-05
3265.2,0.006327,0.0062231,0.0063723,0.00023531,0.0001533,0.00015521,0.00082646,0.00075332,0.00071878,1.8241e-05,1.2019e-05,1.1442e-05
3278.8,0.0062657,0.0061662,0.006315,0.00023149,0.00015062,0.00015284,0.00081666,0.00074485,0.00071087,1.7109e-05,1.1865e-05,1.1315e-05
3292.41,0.006205,0.0061099,0.0062583,0.00022772,0.000148,0.00015051,0.00080762,0.00073648,0.00070305,1.4153e-05,1.172e-05,1.1189e-05
3306.01,0.006145,0.0060543,0.0062023,0.00022402,0.00014544,0.00014823,0.00079935,0.00072824,0.00069535,1.1075e-05,1.1588e-05,1.1065e-05
3319.62,0.0060858,0.0059994,0.0061469,0.00022038,0.00014292,0.00014599,0.00079186,0.00072011,0.00068776,9.2462e-06,1.1468e-05,1.0943e-05
3333.22,0.0060273,0.0059452,0.0060923,0.0002168,0.00014045,0.00014378,0.00078514,0.00071211,0.00068029,9.1992e-06,1.1354e-05,1.0823e-05
3346.83,0.0059698,0.0058918,0.0060385,0.00021327,0.00013802,0.00014162,0.00077916,0.00070423,0.00067294,1.0877e-05,1.1237e-05,1.0705e-05
3360.43,0.0059131,0.0058392,0.0059854,0.00020986,0.00013568,0.00013953,0.00077388,0.00069648,0.00066572,1.3657e-05,1.1113e-05,1.0589e-05
3374.04,0.0058569,0.0057871,0.0059328,0.00020645,0.00013334,0.00013744,0.00076919,0.00068881,0.00065858,1.6179e-05,1.098e-05,1.0474e-05
3387.64,0.0058014,0.0057356,0.0058809,0.00020311,0.00013106,0.00013539,0.00076504,0.00068123,0.00065154,1.6908e-05,1.0842e-05,1.0361e-05
3401.25,0.0057465,0.0056846,0.0058294,0.00019983,0.00012882,0.00013339,0.00076134,0.00067373,0.00064459,1.5326e-05,1.0707e-05,1.025e-05
3414.85,0.0056921,0.0056341,0.0057784,0.00019661,0.00012663,0.00013142,0.00075799,0.00066631,0.00063772,1.2393e-05,1.0582e-05,1.0139e-05
3428.46,0.0056383,0.0055841,0.0057279,0.00019344,0.00012448,0.00012949,0.0007549,0.00065897,0.00063095,9.6844e-06,1.0468e-05,1.0031e-05
3442.06,0.005585,0.0055346,0.0056779,0.00019031,0.00012237,0.0001276,0.00075198,0.00065171,0.00062426,8.2815e-06,1.0364e-05,9.9233e-06
3455.67,0.0055322,0.0054855,0.0056283,0.00018723,0.00012029,0.00012573,0.00074909,0.00064451,0.00061763,8.5299e-06,1.0263e-05,9.817e-06
3469.27,0.0054817,0.0054387,0.0055809,0.00018422,0.00011829,0.00012393,0.00074642,0.00063759,0.00061129,1.0312e-05,1.0162e-05,9.7153e-06
3482.88,0.0054303,0.0053909,0.0055326,0.00018121,0.00011629,0.00012213,0.00074342,0.00063057,0.00060487,1.2976e-05,1.005e-05,9.6123e-06
3496.48,0.0053799,0.005344,0.0054852,0.00017824,0.00011433,0.00012036,0.00074027,0.00062368,0.00059857,1.5224e-05,9.9308e-06,9.5114e-06
3510.09,0.0053301,0.0052977,0.0054383,0.00017531,0.00011242,0.00011863,0.00073683,0.00061687,0.00059237,1.5702e-05,9.8086e-06,9.4119e-06
3523.69,0.0052807,0.0052518,0.0053919,0.00017242,0.00011053,0.00011692,0.00073303,0.00061014,0.00058624,1.407e-05,9.6894e-06,9.3136e-06
3537.3,0.0052319,0.0052064,0.0053459,0.00016957,0.00010869,0.00011525,0.0007288,0.00060347,0.00058018,1.1295e-05,9.5787e-06,9.2165e-06
3550.9,0.0051835,0.0051613,0.0053003,0.00016677,0.00010688,0.00011362,0.00072409,0.00059687,0.00057419,8.8098e-06,9.4784e-06,9.1204e-06
3564.51,0.0051354,0.0051165,0.0052548,0.00016401,0.00010511,0.00011201,0.00071885,0.00059032,0.00056825,7.5516e-06,9.3861e-06,9.0251e-06
3578.11,0.0050874,0.0050717,0.0052095,0.00016129,0.00010337,0.00011042,0.00071305,0.0005838,0.00056234,7.8073e-06,9.296e-06,8.9303e-06
3591.72,0.0050428,0.0050303,0.0051675,0.00015863,0.00010167,0.00010888,0.00070714,0.0005777,0.00055682,9.4723e-06,9.2079e-06,8.8419e-06
3605.32,0.0049966,0.0049873,0.0051239,0.00015601,9.9999e-05,0.00010735,0.00070044,0.00057143,0.00055114,1.1968e-05,9.1089e-06,8.7509e-06
3618.93,0.0049512,0.004945,0.005081,0.00015342,9.8353e-05,0.00010585,0.0006933,0.00056528,0.00054557,1.4127e-05,9.0034e-06,8.6615e-06
3632.53,0.0049064,0.0049032,0.0050386,0.00015088,9.6738e-05,0.00010437,0.00068575,0.00055922,0.00054008,1.4694e-05,8.8946e-06,8.5734e-06
3646.14,0.004862,0.0048618,0.0049967,0.00014839,9.5154e-05,0.00010292,0.00067781,0.00055324,0.00053466,1.3284e-05,8.7882e-06,8.4864e-06
3659.74,0.0048181,0.0048208,0.004955,0.00014594,9.3599e-05,0.0001015,0.00066954,0.00054734,0.00052929,1.0717e-05,8.689e-06,8.4003e-06
3673.35,0.0047744,0.0047801,0.0049137,0.00014353,9.2075e-05,0.0001001,0.00066098,0.00054149,0.00052397,8.3055e-06,8.599e-06,8.315e-06
3686.95,0.0047303,0.0047388,0.0048718,0.00014117,9.0578e-05,9.8719e-05,0.00065212,0.00053562,0.00051862,6.9638e-06,8.5152e-06,8.2292e-06
3700.56,0.0046907,0.004702,0.0048344,0.00013885,8.912e-05,9.7377e-05,0.00064371,0.00053029,0.00051377,7.0067e-06,8.442e-06,8.1513e-06
3714.16,0.0046478,0.0046619,0.0047936,0.00013656,8.7679e-05,9.6049e-05,0.00063476,0.00052461,0.00050858,8.3687e-06,8.3599e-06,8.068e-06
3727.77,0.0046061,0.0046229,0.004754,0.00013431,8.6265e-05,9.4745e-05,0.00062597,0.00051911,0.00050354,1.0632e-05,8.2732e-06,7.9871e-06
3741.37,0.0045652,0.0045846,0.004715,0.00013208,8.4876e-05,9.3461e-05,0.00061735,0.0005137,0.00049858,1.2819e-05,8.1802e-06,7.9076e-06
3754.98,0.0045248,0.0045468,0.0046766,0.00012987,8.3511e-05,9.2196e-05,0.00060895,0.00050839,0.0004937,1.373e-05,8.0835e-06,7.8292e-06
3768.58,0.0044848,0.0045095,0.0046386,0.0001277,8.2171e-05,9.0952e-05,0.00060083,0.00050316,0.00048889,1.2788e-05,7.9879e-06,7.7519e-06
3782.19,0.0044453,0.0044725,0.004601,0.00012555,8.0855e-05,8.9728e-05,0.00059304,0.000498,0.00048413,1.0526e-05,7.8979e-06,7.6755e-06
3795.79,0.0044059,0.0044356,0.0045634,0.00012343,7.9562e-05,8.8524e-05,0.00058561,0.00049288,0.0004794,8.1252e-06,7.8159e-06,7.5996e-06
3809.4,0.0043666,0.0043987,0.0045259,0.00012134,7.8296e-05,8.7343e-05,0.00057855,0.00048778,0.00047469,6.553e-06,7.741e-06,7.5239e-06
3823.0,0.0043301,0.0043647,0.0044912,0.00011931,7.7064e-05,8.6196e-05,0.00057229,0.00048303,0.0004703,6.2133e-06,7.6746e-06,7.4533e-06
3836.61,0.0042918,0.0043286,0.0044545,0.00011728,7.5842e-05,8.5053e-05,0.00056622,0.00047808,0.00046571,7.1257e-06,7.6037e-06,7.3797e-06
3850.21,0.0042541,0.0042933,0.0044185,0.00011529,7.4645e-05,8.3933e-05,0.0005607,0.00047323,0.00046122,9.0449e-06,7.5287e-06,7.3075e-06
3863.82,0.0042171,0.0042586,0.0043831,0.00011333,7.3469e-05,8.2829e-05,0.00055571,0.00046846,0.00045679,1.1257e-05,7.4478e-06,7.2365e-06
3877.42,0.0041806,0.0042243,0.0043481,0.0001114,7.2313e-05,8.1743e-05,0.00055126,0.00046376,0.00045244,1.2663e-05,7.3624e-06,7.1665e-06
3891.03,0.0041445,0.0041904,0.0043136,0.00010951,7.1176e-05,8.0672e-05,0.00054731,0.00045913,0.00044815,1.2435e-05,7.2764e-06,7.0976e-06
3904.63,0.0041089,0.004157,0.0042795,0.00010764,7.0059e-05,7.9617e-05,0.00054385,0.00045455,0.00044391,1.0684e-05,7.1939e-06,7.0295e-06
3918.24,0.0040735,0.0041237,0.0042455,0.00010581,6.8959e-05,7.8575e-05,0.0005408,0.00045,0.00043971,8.356e-06,7.1181e-06,6.962e-06
3931.84,0.004038,0.0040902,0.0042114,0.000104,6.7877e-05,7.7548e-05,0.00053809,0.00044545,0.0004355,6.4895e-06,7.0489e-06,6.8944e-06
3945.45,0.0040048,0.0040591,0.0041796,0.00010228,6.6843e-05,7.6574e-05,0.000536,0.00044117,0.00043156,5.6579e-06,6.9886e-06,6.831e-06
3959.05,0.0039704,0.0040266,0.0041465,0.00010054,6.5803e-05,7.5585e-05,0.000534,0.00043674,0.00042749,5.9925e-06,6.9268e-06,6.7656e-06
3972.66,0.0039364,0.0039946,0.0041137,9.8844e-05,6.4785e-05,7.4616e-05,0.00053227,0.00043238,0.00042348,7.4018e-06,6.8626e-06,6.7011e-06
3986.26,0.0039028,0.0039629,0.0040814,9.7174e-05,6.3786e-05,7.3663e-05,0.00053073,0.00042806,0.00041952,9.4681e-06,6.7932e-06,6.6375e-06
3999.87,0.0038697,0.0039317,0.0040495,9.5529e-05,6.2803e-05,7.2725e-05,0.00052934,0.0004238,0.00041562,1.1317e-05,6.7187e-06,6.5749e-06
4013.47,0.0038371,0.0039009,0.0040181,9.3907e-05,6.1837e-05,7.1801e-05,0.00052802,0.00041959,0.00041178,1.1965e-05,6.6417e-06,6.5132e-06
4027.08,0.0038049,0.0038705,0.003987,9.2304e-05,6.0886e-05,7.0888e-05,0.00052672,0.00041544,0.00040799,1.1016e-05,6.5659e-06,6.4523e-06
4040.68,0.0037731,0.0038405,0.0039562,9.0716e-05,5.9947e-05,6.9983e-05,0.00052536,0.00041132,0.00040425,8.992e-06,6.4949e-06,6.3922e-06
4054.29,0.0037413,0.0038104,0.0039255,8.9142e-05,5.902e-05,6.9086e-05,0.00052384,0.00040722,0.00040053,6.892e-06,6.4302e-06,6.3324e-06
4067.89,0.0037107,0.0037815,0.0038959,8.7657e-05,5.8149e-05,6.8256e-05,0.00052226,0.00040324,0.00039693,5.5096e-06,6.3731e-06,6.2746e-06
4081.5,0.0036797,0.0037522,0.0038659,8.6137e-05,5.726e-05,6.7395e-05,0.00052036,0.00039923,0.00039331,5.162e-06,6.3185e-06,6.2164e-06
4095.1,0.003649,0.0037231,0.0038362,8.4645e-05,5.6391e-05,6.6553e-05,0.00051819,0.00039526,0.00038972,5.8771e-06,6.2635e-06,6.1588e-06
4108.71,0.0036186,0.0036943,0.0038067,8.3179e-05,5.5539e-05,6.5726e-05,0.0005157,0.00039132,0.00038617,7.4878e-06,6.205e-06,6.1019e-06
4122.31,0.0035886,0.0036658,0.0037775,8.1737e-05,5.4702e-05,6.4912e-05,0.00051288,0.00038743,0.00038267,9.4673e-06,6.1415e-06,6.0456e-06
4135.92,0.0035589,0.0036377,0.0037487,8.0317e-05,5.3879e-05,6.4111e-05,0.00050972,0.00038359,0.00037921,1.0918e-05,6.0739e-06,5.9902e-06
4149.52,0.0035297,0.0036099,0.0037202,7.892e-05,5.3068e-05,6.332e-05,0.0005062,0.00037981,0.0003758,1.1046e-05,6.0051e-06,5.9355e-06
4163.13,0.0035008,0.0035825,0.0036922,7.7541e-05,5.2268e-05,6.2536e-05,0.00050233,0.00037607,0.00037244,9.7569e-06,5.9385e-06,5.8817e-06
4176.73,0.0034724,0.0035555,0.0036644,7.618e-05,5.1477e-05,6.1757e-05,0.00049811,0.00037239,0.00036913,7.7329e-06,5.8771e-06,5.8286e-06
4190.34,0.0034442,0.0035287,0.003637,7.49e-05,5.0735e-05,6.1036e-05,0.00049353,0.00036875,0.00036586,5.8921e-06,5.8219e-06,5.7761e-06
4203.94,0.0034163,0.0035021,0.0036098,7.3595e-05,4.9974e-05,6.0284e-05,0.00048863,0.00036515,0.00036262,4.8335e-06,5.7717e-06,5.7242e-06
4217.55,0.0033886,0.0034757,0.0035827,7.2322e-05,4.923e-05,5.9549e-05,0.00048342,0.00036159,0.00035941,4.7494e-06,5.7239e-06,5.6727e-06
4231.15,0.0033611,0.0034496,0.0035558,7.1076e-05,4.8501e-05,5.8827e-05,0.00047793,0.00035807,0.00035623,5.6244e-06,5.6749e-06,5.6218e-06
4244.76,0.0033339,0.0034235,0.0035292,6.9856e-05,4.7785e-05,5.8117e-05,0.00047222,0.00035458,0.00035308,7.2602e-06,5.6222e-06,5.5713e-06
4258.36,0.0033069,0.0033978,0.0035027,6.8659e-05,4.7081e-05,5.7419e-05,0.00046633,0.00035114,0.00034996,9.1016e-06,5.5648e-06,5.5214e-06
4271.97,0.0032802,0.0033723,0.0034765,6.7484e-05,4.639e-05,5.6732e-05,0.00046032,0.00034774,0.00034688,1.0299e-05,5.5041e-06,5.472e-06
4285.57,0.0032538,0.0033471,0.0034507,6.6327e-05,4.5708e-05,5.6052e-05,0.00045425,0.0003444,0.00034384,1.0198e-05,5.4426e-06,5.4234e-06
4299.18,0.003228,0.0033223,0.0034253,6.5185e-05,4.5034e-05,5.5378e-05,0.00044818,0.00034112,0.00034085,8.8398e-06,5.3838e-06,5.3756e-06
4312.78,0.0032026,0.0032981,0.0034003,6.4096e-05,4.4397e-05,5.4743e-05,0.00044219,0.00033791,0.00033793,6.9197e-06,5.3302e-06,5.3288e-06
4326.39,0.0031772,0.0032738,0.0033754,6.2986e-05,4.3743e-05,5.4086e-05,0.00043623,0.00033472,0.000335,5.2623e-06,5.2816e-06,5.2821e-06
4339.99,0.0031521,0.0032498,0.0033507,6.1899e-05,4.3105e-05,5.3442e-05,0.00043041,0.00033157,0.00033212,4.3632e-06,5.2376e-06,5.236e-06
4353.6,0.0031273,0.0032259,0.0033262,6.0831e-05,4.2478e-05,5.281e-05,0.00042476,0.00032846,0.00032926,4.3636e-06,5.1954e-06,5.1904e-06
4367.2,0.0031026,0.0032022,0.0033019,5.9781e-05,4.1863e-05,5.2188e-05,0.00041932,0.00032539,0.00032643,5.2408e-06,5.1519e-06,5.1451e-06
4380.81,0.0030781,0.0031787,0.0032776,5.8749e-05,4.126e-05,5.1576e-05,0.00041411,0.00032234,0.00032362,6.8061e-06,5.1049e-06,5.1003e-06
4394.41,0.0030538,0.0031553,0.0032536,5.7735e-05,4.0667e-05,5.0975e-05,0.00040919,0.00031933,0.00032083,8.5392e-06,5.0536e-06,5.0558e-06
4408.02,0.0030297,0.0031321,0.0032297,5.6737e-05,4.0084e-05,5.0383e-05,0.00040456,0.00031634,0.00031807,9.6551e-06,4.999e-06,5.0118e-06
4421.62,0.0030056,0.0031088,0.0032058,5.5753e-05,3.9508e-05,4.9797e-05,0.00040023,0.00031337,0.00031531,9.5561e-06,4.9434e-06,4.9678e-06
4435.23,0.0029841,0.0030883,0.0031846,5.4813e-05,3.8963e-05,4.9237e-05,0.00039657,0.00031069,0.00031283,8.2883e-06,4.8938e-06,4.9283e-06
4448.83,0.0029601,0.003065,0.0031607,5.3856e-05,3.8399e-05,4.8661e-05,0.00039289,0.00030774,0.0003101,6.4761e-06,4.844e-06,4.8847e-06
4462.44,0.0029372,0.0030429,0.0031379,5.2926e-05,3.7852e-05,4.8099e-05,0.00038968,0.00030493,0.00030748,4.8936e-06,4.8005e-06,4.843e-06
4476.04,0.0029146,0.0030211,0.0031155,5.2014e-05,3.7313e-05,4.7544e-05,0.00038683,0.00030215,0.0003049,4.0021e-06,4.7614e-06,4.8019e-06
4489.65,0.0028923,0.0029995,0.0030933,5.1122e-05,3.6785e-05,4.6998e-05,0.00038432,0.0002994,0.00030235,3.9358e-06,4.7241e-06,4.7613e-06
4503.25,0.0028701,0.0029781,0.0030712,5.025e-05,3.6265e-05,4.6459e-05,0.00038213,0.00029668,0.00029982,4.6803e-06,4.6859e-06,4.7211e-06
4516.86,0.0028481,0.0029568,0.0030492,4.9397e-05,3.5755e-05,4.593e-05,0.00038023,0.00029397,0.00029731,6.0906e-06,4.6446e-06,4.6812e-06
4530.46,0.0028262,0.0029355,0.0030273,4.8564e-05,3.5254e-05,4.5409e-05,0.0003786,0.00029128,0.00029481,7.733e-06,4.5993e-06,4.6415e-06
4544.07,0.0028042,0.0029142,0.0030053,4.7748e-05,3.4762e-05,4.4896e-05,0.00037718,0.00028859,0.00029232,8.901e-06,4.5507e-06,4.6018e-06
4557.67,0.0027826,0.0028931,0.0029836,4.6949e-05,3.4276e-05,4.4391e-05,0.00037599,0.00028592,0.00028985,8.9916e-06,4.5011e-06,4.5627e-06
4571.28,0.0027632,0.0028744,0.0029643,4.6176e-05,3.3805e-05,4.3896e-05,0.00037526,0.0002835,0.00028763,7.9471e-06,4.4563e-06,4.5273e-06
4584.88,0.0027418,0.0028536,0.0029428,4.5408e-05,3.3336e-05,4.3404e-05,0.00037438,0.00028087,0.00028521,6.2778e-06,4.4117e-06,4.4889e-06
4598.49,0.0027211,0.0028334,0.0029221,4.4657e-05,3.2874e-05,4.2919e-05,0.00037366,0.00027831,0.00028285,4.7093e-06,4.3722e-06,4.4515e-06
4612.09,0.0027008,0.0028136,0.0029016,4.3918e-05,3.2419e-05,4.2439e-05,0.00037302,0.00027579,0.00028054,3.726e-06,4.3369e-06,4.4148e-06
4625.7,0.0026806,0.0027939,0.0028814,4.3194e-05,3.1971e-05,4.1964e-05,0.00037241,0.00027329,0.00027826,3.4911e-06,4.3039e-06,4.3786e-06
4639.3,0.0026607,0.0027745,0.0028613,4.2483e-05,3.153e-05,4.1497e-05,0.00037178,0.00027082,0.00027599,4.0096e-06,4.2706e-06,4.3427e-06
4652.91,0.0026409,0.0027551,0.0028413,4.1786e-05,3.1097e-05,4.1036e-05,0.00037107,0.00026835,0.00027375,5.197e-06,4.235e-06,4.3071e-06
4666.51,0.0026211,0.0027358,0.0028214,4.1102e-05,3.0672e-05,4.0582e-05,0.00037024,0.00026589,0.00027151,6.7449e-06,4.1956e-06,4.2716e-06
4680.12,0.0026011,0.0027161,0.0028011,4.0431e-05,3.0254e-05,4.0135e-05,0.00036921,0.00026341,0.00026924,8.0536e-06,4.1525e-06,4.2357e-06
4693.72,0.0025806,0.002696,0.0027803,3.9772e-05,2.9843e-05,3.9696e-05,0.00036792,0.00026089,0.00026694,8.489e-06,4.1068e-06,4.1992e-06
4707.33,0.0025643,0.0026802,0.0027639,3.9133e-05,2.9443e-05,3.9267e-05,0.000367,0.00025879,0.00026506,7.8264e-06,4.068e-06,4.1695e-06
4720.93,0.0025451,0.0026613,0.0027444,3.8499e-05,2.9046e-05,3.884e-05,0.00036541,0.00025639,0.00026289,6.3781e-06,4.027e-06,4.1351e-06
4734.54,0.0025263,0.0026428,0.0027254,3.7878e-05,2.8655e-05,3.8418e-05,0.00036363,0.00025405,0.00026077,4.809e-06,3.9903e-06,4.1015e-06
4748.14,0.0025079,0.0026247,0.0027066,3.727e-05,2.8269e-05,3.8001e-05,0.00036161,0.00025174,0.00025868,3.6638e-06,3.9577e-06,4.0685e-06
4761.75,0.0024897,0.0026068,0.0026882,3.6673e-05,2.7889e-05,3.7589e-05,0.00035933,0.00024947,0.00025663,3.1809e-06,3.9279e-06,4.036e-06
4775.35,0.0024717,0.0025891,0.0026699,3.6089e-05,2.7515e-05,3.7181e-05,0.0003568,0.00024722,0.0002546,3.3971e-06,3.8987e-06,4.0039e-06
4788.96,0.0024539,0.0025716,0.0026517,3.5519e-05,2.7147e-05,3.6778e-05,0.00035399,0.00024499,0.00025258,4.278e-06,3.8681e-06,3.972e-06
4802.56,0.0024361,0.002554,0.0026336,3.4963e-05,2.6785e-05,3.6381e-05,0.00035091,0.00024278,0.00025058,5.6507e-06,3.8345e-06,3.9403e-06
4816.17,0.0024179,0.002536,0.002615,3.4418e-05,2.6427e-05,3.5985e-05,0.00034749,0.00024053,0.00024853,7.0696e-06,3.7968e-06,3.9079e-06
4829.77,0.0024033,0.0025216,0.0026001,3.3904e-05,2.609e-05,3.5623e-05,0.00034433,0.00023863,0.00024684,7.928e-06,3.7622e-06,3.8813e-06
4843.38,0.0023848,0.0025032,0.0025811,3.3385e-05,2.5742e-05,3.5235e-05,0.0003404,0.00023637,0.00024478,7.7707e-06,3.721e-06,3.8486e-06
4856.98,0.0023675,0.002486,0.0025633,3.2883e-05,2.5404e-05,3.4861e-05,0.00033643,0.00023423,0.00024282,6.6822e-06,3.6829e-06,3.8177e-06
4870.59,0.0023505,0.0024692,0.0025459,3.2394e-05,2.5072e-05,3.4494e-05,0.00033232,0.00023213,0.00024091,5.1749e-06,3.6482e-06,3.7874e-06
4884.19,0.0023337,0.0024525,0.0025287,3.1917e-05,2.4745e-05,3.413e-05,0.00032811,0.00023007,0.00023902,3.8445e-06,3.6173e-06,3.7576e-06
4897.8,0.0023172,0.0024361,0.0025117,3.1451e-05,2.4422e-05,3.3771e-05,0.00032383,0.00022804,0.00023716,3.0516e-06,3.5896e-06,3.7282e-06
4911.4,0.0023009,0.0024199,0.002495,3.0996e-05,2.4104e-05,3.3415e-05,0.0003195,0.00022604,0.00023533,2.8983e-06,3.5637e-06,3.6993e-06
4925.01,0.0022849,0.0024039,0.0024784,3.0551e-05,2.379e-05,3.3062e-05,0.00031517,0.00022408,0.00023352,3.3806e-06,3.5375e-06,3.6707e-06
4938.61,0.0022689,0.002388,0.0024619,3.0116e-05,2.3481e-05,3.2713e-05,0.00031084,0.00022213,0.00023172,4.4331e-06,3.5092e-06,3.6423e-06
4952.22,0.0022527,0.0023718,0.0024452,2.9687e-05,2.3171e-05,3.2359e-05,0.00030651,0.00022017,0.0002299,5.8038e-06,3.4776e-06,3.6135e-06
4965.82,0.0022384,0.0023576,0.0024305,2.9295e-05,2.2895e-05,3.2058e-05,0.00030249,0.0002184,0.00022828,6.9977e-06,3.4461e-06,3.5879e-06
4979.43,0.0022224,0.0023415,0.0024138,2.8886e-05,2.2595e-05,3.1713e-05,0.00029834,0.00021647,0.00022648,7.4554e-06,3.4102e-06,3.5594e-06
4993.03,0.0022068,0.0023259,0.0023977,2.8492e-05,2.2306e-05,3.1383e-05,0.00029436,0.0002146,0.00022473,6.9434e-06,3.3751e-06,3.5317e-06
5006.64,0.0021914,0.0023105,0.0023817,2.8109e-05,2.2022e-05,3.106e-05,0.00029056,0.00021275,0.000223,5.7061e-06,3.3421e-06,3.5044e-06
5020.24,0.0021762,0.0022952,0.0023658,2.7734e-05,2.1744e-05,3.0742e-05,0.00028695,0.00021093,0.00022129,4.2911e-06,3.3123e-06,3.4774e-06
5033.85,0.0021611,0.0022801,0.0023502,2.7367e-05,2.147e-05,3.0428e-05,0.00028355,0.00020913,0.0002196,3.1903e-06,3.2858e-06,3.4507e-06
5047.45,0.0021463,0.0022652,0.0023348,2.7009e-05,2.1199e-05,3.0117e-05,0.00028038,0.00020736,0.00021793,2.638e-06,3.2619e-06,3.4244e-06
5061.06,0.0021317,0.0022505,0.0023195,2.6659e-05,2.0932e-05,2.9808e-05,0.00027746,0.00020562,0.00021629,2.6756e-06,3.2389e-06,3.3984e-06
5074.66,0.0021173,0.002236,0.0023045,2.6316e-05,2.0668e-05,2.9501e-05,0.00027479,0.0002039,0.00021468,3.2884e-06,3.2153e-06,3.3729e-06
5088.27,0.002103,0.0022216,0.0022896,2.5976e-05,2.0401e-05,2.9189e-05,0.00027236,0.0002022,0.00021307,4.39e-06,3.1896e-06,3.3475e-06
5101.87,0.0020892,0.0022076,0.0022751,2.5683e-05,2.0176e-05,2.8938e-05,0.00027022,0.00020055,0.00021151,5.6925e-06,3.1617e-06,3.3228e-06
5115.48,0.0020751,0.0021933,0.0022603,2.5358e-05,1.9913e-05,2.8625e-05,0.00026826,0.00019887,0.00020993,6.6946e-06,3.131e-06,3.2978e-06
5129.08,0.0020611,0.0021792,0.0022457,2.5053e-05,1.9665e-05,2.8333e-05,0.00026655,0.00019722,0.00020836,6.9279e-06,3.0994e-06,3.273e-06
5142.69,0.0020472,0.0021651,0.0022311,2.4759e-05,1.9423e-05,2.8048e-05,0.00026505,0.00019557,0.0002068,6.2681e-06,3.0683e-06,3.2483e-06
5156.29,0.0020334,0.0021511,0.0022166,2.4474e-05,1.9185e-05,2.7767e-05,0.00026376,0.00019393,0.00020525,5.0265e-06,3.0393e-06,3.2238e-06
5169.9,0.0020197,0.0021372,0.0022021,2.4198e-05,1.8952e-05,2.7491e-05,0.00026267,0.00019231,0.00020372,3.7247e-06,3.0132e-06,3.1996e-06
5183.5,0.0020062,0.0021234,0.0021879,2.3929e-05,1.8721e-05,2.7218e-05,0.00026176,0.0001907,0.0002022,2.7754e-06,2.99e-06,3.1756e-06
5197.11,0.0019928,0.0021098,0.0021738,2.3669e-05,1.8494e-05,2.6948e-05,0.00026102,0.00018912,0.0002007,2.3474e-06,2.9688e-06,3.1519e-06
5210.71,0.0019797,0.0020964,0.0021599,2.3416e-05,1.8269e-05,2.668e-05,0.00026042,0.00018755,0.00019923,2.4593e-06,2.9484e-06,3.1285e-06
5224.32,0.0019667,0.0020832,0.0021462,2.3166e-05,1.8043e-05,2.6408e-05,0.00025995,0.000186,0.00019777,3.0951e-06,2.9271e-06,3.1055e-06
5237.92,0.001954,0.0020702,0.0021327,2.2922e-05,1.7818e-05,2.6134e-05,0.00025957,0.00018447,0.00019635,4.1655e-06,2.9041e-06,3.0829e-06
5251.53,0.0019413,0.0020572,0.0021193,2.2721e-05,1.7626e-05,2.5909e-05,0.00025924,0.00018295,0.00019492,5.3843e-06,2.8785e-06,3.0604e-06
5265.13,0.0019288,0.0020444,0.0021059,2.2498e-05,1.7412e-05,2.565e-05,0.00025894,0.00018145,0.00019351,6.2811e-06,2.851e-06,3.038e-06
5278.74,0.0019163,0.0020315,0.0020927,2.2286e-05,1.7204e-05,2.5396e-05,0.00025863,0.00017994,0.00019211,6.4382e-06,2.8227e-06,3.0158e-06
5292.34,0.0019038,0.0020188,0.0020794,2.2082e-05,1.7e-05,2.5148e-05,0.00025829,0.00017845,0.00019071,5.77e-06,2.795e-06,2.9937e-06
5305.95,0.0018914,0.002006,0.0020662,2.1885e-05,1.68e-05,2.4903e-05,0.00025789,0.00017695,0.00018932,4.5853e-06,2.7691e-06,2.9717e-06
5319.55,0.0018791,0.0019933,0.002053,2.1694e-05,1.6603e-05,2.4662e-05,0.00025741,0.00017547,0.00018794,3.3679e-06,2.7458e-06,2.9498e-06
5333.16,0.0018668,0.0019807,0.00204,2.1509e-05,1.6409e-05,2.4424e-05,0.00025683,0.00017399,0.00018657,2.4881e-06,2.7251e-06,2.9282e-06
5346.76,0.0018547,0.0019682,0.002027,2.1329e-05,1.6218e-05,2.4189e-05,0.00025612,0.00017253,0.00018522,2.0904e-06,2.7062e-06,2.9067e-06
5360.37,0.0018427,0.0019559,0.0020142,2.1152e-05,1.6028e-05,2.3954e-05,0.00025528,0.00017109,0.00018388,2.1858e-06,2.6879e-06,2.8854e-06
5373.97,0.0018311,0.0019438,0.0020017,2.098e-05,1.5839e-05,2.372e-05,0.00025431,0.00016967,0.00018257,2.7618e-06,2.6691e-06,2.8648e-06
5387.58,0.0018199,0.0019323,0.0019897,2.0839e-05,1.5669e-05,2.351e-05,0.00025322,0.00016831,0.00018131,3.7479e-06,2.6491e-06,2.8448e-06
5401.18,0.0018084,0.0019204,0.0019774,2.0677e-05,1.5486e-05,2.328e-05,0.00025189,0.00016691,0.00018002,4.8953e-06,2.6262e-06,2.8243e-06
5414.79,0.0017971,0.0019086,0.0019652,2.0524e-05,1.5307e-05,2.3055e-05,0.00025038,0.00016553,0.00017875,5.7789e-06,2.6016e-06,2.8042e-06
5428.39,0.0017859,0.0018969,0.0019531,2.0378e-05,1.5132e-05,2.2834e-05,0.00024868,0.00016417,0.00017749,5.9982e-06,2.5763e-06,2.7842e-06
5442.0,0.0017747,0.0018853,0.001941,2.0239e-05,1.496e-05,2.2616e-05,0.00024678,0.00016281,0.00017624,5.4411e-06,2.5513e-06,2.7644e-06
5455.6,0.0017635,0.0018737,0.001929,2.0105e-05,1.4791e-05,2.2401e-05,0.00024468,0.00016146,0.00017499,4.3626e-06,2.5279e-06,2.7446e-06
5469.21,0.0017524,0.0018621,0.001917,1.9977e-05,1.4625e-05,2.219e-05,0.00024239,0.00016012,0.00017375,3.2059e-06,2.5068e-06,2.7248e-06
5482.81,0.0017413,0.0018506,0.001905,1.9853e-05,1.4461e-05,2.1982e-05,0.00023993,0.00015879,0.00017251,2.3327e-06,2.4879e-06,2.7052e-06
5496.42,0.0017303,0.001839,0.001893,1.9734e-05,1.43e-05,2.1777e-05,0.00023729,0.00015746,0.00017127,1.8962e-06,2.4708e-06,2.6856e-06
5510.02,0.0017189,0.001827,0.0018806,1.9612e-05,1.414e-05,2.1571e-05,0.00023445,0.00015611,0.00017,1.9115e-06,2.4536e-06,2.6654e-06
5523.63,0.0017106,0.0018184,0.0018716,1.9535e-05,1.3994e-05,2.1381e-05,0.0002319,0.00015504,0.00016904,2.374e-06,2.4403e-06,2.6502e-06
5537.23,0.0016991,0.0018064,0.0018591,1.942e-05,1.3836e-05,2.1178e-05,0.00022881,0.0001537,0.00016777,3.2354e-06,2.4208e-06,2.6301e-06
5550.84,0.0016887,0.0017954,0.0018477,1.9319e-05,1.3683e-05,2.0979e-05,0.00022574,0.00015245,0.0001666,4.3164e-06,2.4005e-06,2.6115e-06
5564.44,0.0016784,0.0017846,0.0018365,1.9226e-05,1.3533e-05,2.0783e-05,0.00022264,0.00015123,0.00016545,5.2486e-06,2.3787e-06,2.5932e-06
5578.05,0.0016683,0.0017739,0.0018255,1.9139e-05,1.3385e-05,2.0589e-05,0.0002195,0.00015003,0.00016431,5.6311e-06,2.356e-06,2.5752e-06
5591.65,0.0016582,0.0017634,0.0018145,1.9058e-05,1.324e-05,2.0398e-05,0.00021634,0.00014883,0.00016318,5.2788e-06,2.3333e-06,2.5573e-06
5605.26,0.0016482,0.0017528,0.0018035,1.8982e-05,1.3097e-05,2.0209e-05,0.00021318,0.00014765,0.00016206,4.3511e-06,2.3119e-06,2.5395e-06
5618.86,0.0016382,0.0017422,0.0017926,1.8912e-05,1.2956e-05,2.0023e-05,0.00021005,0.00014648,0.00016094,3.2391e-06,2.2923e-06,2.5217e-06
5632.47,0.0016282,0.0017316,0.0017815,1.8847e-05,1.2818e-05,1.9839e-05,0.00020695,0.0001453,0.00015981,2.3178e-06,2.2749e-06,2.5039e-06
5646.07,0.0016179,0.0017207,0.0017703,1.8784e-05,1.2683e-05,1.9659e-05,0.00020389,0.00014412,0.00015867,1.7798e-06,2.2589e-06,2.4859e-06
5659.68,0.001608,0.0017102,0.0017594,1.8724e-05,1.2549e-05,1.948e-05,0.00020094,0.00014297,0.00015756,1.6589e-06,2.2441e-06,2.4682e-06
5673.28,0.0016002,0.0017019,0.0017508,1.8683e-05,1.242e-05,1.9306e-05,0.00019837,0.00014202,0.00015666,1.9479e-06,2.2321e-06,2.454e-06
5686.89,0.0015901,0.0016912,0.0017397,1.8629e-05,1.229e-05,1.9131e-05,0.00019562,0.00014086,0.00015554,2.6267e-06,2.2156e-06,2.4361e-06
5700.49,0.0015806,0.001681,0.0017291,1.858e-05,1.2162e-05,1.8958e-05,0.00019306,0.00013976,0.00015447,3.5918e-06,2.1981e-06,2.4192e-06
5714.1,0.0015712,0.0016711,0.0017188,1.8535e-05,1.2036e-05,1.8786e-05,0.00019067,0.00013869,0.00015342,4.5621e-06,2.179e-06,2.4026e-06
5727.7,0.0015621,0.0016613,0.0017086,1.8492e-05,1.1911e-05,1.8616e-05,0.00018845,0.00013763,0.00015239,5.1532e-06,2.1588e-06,2.3863e-06
5741.31,0.001553,0.0016516,0.0016986,1.8454e-05,1.1789e-05,1.8447e-05,0.0001864,0.00013659,0.00015137,5.0924e-06,2.1383e-06,2.3701e-06
5754.91,0.001544,0.0016419,0.0016886,1.8418e-05,1.1668e-05,1.828e-05,0.00018451,0.00013555,0.00015036,4.4008e-06,2.1186e-06,2.3541e-06
5768.52,0.001535,0.0016323,0.0016786,1.8386e-05,1.1549e-05,1.8115e-05,0.00018279,0.00013452,0.00014935,3.3785e-06,2.1004e-06,2.3381e-06
5782.12,0.0015259,0.0016226,0.0016685,1.8357e-05,1.1432e-05,1.7952e-05,0.00018122,0.00013349,0.00014833,2.4053e-06,2.084e-06,2.322e-06
5795.73,0.0015165,0.0016125,0.001658,1.833e-05,1.1317e-05,1.7792e-05,0.00017978,0.00013243,0.00014729,1.7348e-06,2.069e-06,2.3054e-06
5809.33,0.0015071,0.0016024,0.0016476,1.8303e-05,1.1205e-05,1.7635e-05,0.00017849,0.00013137,0.00014624,1.4445e-06,2.0552e-06,2.2889e-06
5822.94,0.0015006,0.0015954,0.0016403,1.8286e-05,1.1097e-05,1.7482e-05,0.0001777,0.00013057,0.00014548,1.529e-06,2.0456e-06,2.2768e-06
5836.54,0.0014915,0.0015856,0.0016301,1.8265e-05,1.0987e-05,1.7328e-05,0.00017674,0.00012954,0.00014446,1.978e-06,2.0317e-06,2.2607e-06
5850.15,0.0014828,0.0015761,0.0016204,1.8247e-05,1.088e-05,1.7176e-05,0.00017595,0.00012855,0.00014348,2.7593e-06,2.0168e-06,2.2453e-06
5863.75,0.0014742,0.0015669,0.0016108,1.823e-05,1.0774e-05,1.7025e-05,0.00017531,0.00012758,0.00014253,3.7062e-06,2.0005e-06,2.2301e-06
5877.36,0.0014659,0.0015579,0.0016014,1.8216e-05,1.0669e-05,1.6875e-05,0.0001748,0.00012662,0.00014159,4.4988e-06,1.9829e-06,2.2152e-06
5890.96,0.0014576,0.0015489,0.0015922,1.8205e-05,1.0566e-05,1.6726e-05,0.00017439,0.00012567,0.00014066,4.8016e-06,1.9646e-06,2.2006e-06
5904.57,0.0014495,0.0015401,0.001583,1.8197e-05,1.0464e-05,1.6578e-05,0.00017407,0.00012474,0.00013974,4.471e-06,1.9465e-06,2.1861e-06
5918.17,0.0014414,0.0015313,0.0015739,1.8193e-05,1.0363e-05,1.6432e-05,0.00017382,0.0001238,0.00013883,3.653e-06,1.9294e-06,2.1717e-06
5931.78,0.0014333,0.0015225,0.0015647,1.8193e-05,1.0264e-05,1.6286e-05,0.00017361,0.00012287,0.00013792,2.6826e-06,1.9139e-06,2.1573e-06
5945.38,0.0014248,0.0015133,0.0015552,1.8196e-05,1.0165e-05,1.6141e-05,0.00017339,0.00012191,0.00013698,1.8768e-06,1.8997e-06,2.1424e-06
5958.99,0.0014162,0.0015039,0.0015455,1.8203e-05,1.007e-05,1.6001e-05,0.00017315,0.00012093,0.00013602,1.3956e-06,1.8866e-06,2.1272e-06
5972.59,0.0014103,0.0014974,0.0015387,1.8213e-05,9.9825e-06,1.5873e-05,0.00017323,0.00012019,0.00013532,1.2637e-06,1.878e-06,2.1162e-06
5986.2,0.0014021,0.0014884,0.0015295,1.8225e-05,9.8899e-06,1.5735e-05,0.000173,0.00011925,0.0001344,1.4652e-06,1.8663e-06,2.1018e-06
5999.8,0.0013941,0.0014797,0.0015205,1.8239e-05,9.7995e-06,1.56e-05,0.00017276,0.00011833,0.00013351,2.0018e-06,1.8539e-06,2.0877e-06
6013.41,0.0013863,0.0014712,0.0015116,1.8254e-05,9.7106e-06,1.5467e-05,0.00017247,0.00011743,0.00013264,2.8159e-06,1.8402e-06,2.0739e-06
6027.01,0.0013786,0.0014628,0.0015029,1.827e-05,9.6229e-06,1.5334e-05,0.00017212,0.00011654,0.00013177,3.7055e-06,1.8251e-06,2.0603e-06
6040.62,0.0013711,0.0014545,0.0014943,1.8287e-05,9.5362e-06,1.5203e-05,0.00017169,0.00011566,0.00013092,4.349e-06,1.809e-06,2.0469e-06
6054.22,0.0013637,0.0014463,0.0014858,1.8306e-05,9.4505e-06,1.5073e-05,0.00017117,0.00011479,0.00013009,4.4678e-06,1.7924e-06,2.0337e-06
6067.83,0.0013564,0.0014382,0.0014775,1.8325e-05,9.3656e-06,1.4943e-05,0.00017055,0.00011393,0.00012926,4.0042e-06,1.7763e-06,2.0207e-06
6081.43,0.0013491,0.0014302,0.0014692,1.8346e-05,9.2815e-06,1.4813e-05,0.00016981,0.00011308,0.00012844,3.1595e-06,1.7613e-06,2.0078e-06
6095.04,0.0013417,0.0014221,0.0014608,1.8366e-05,9.1965e-06,1.468e-05,0.00016892,0.00011222,0.00012761,2.2606e-06,1.7477e-06,1.9947e-06
6108.64,0.0013342,0.0014137,0.0014521,1.8392e-05,9.1152e-06,1.4553e-05,0.00016787,0.00011134,0.00012677,1.5701e-06,1.7354e-06,1.9814e-06
6122.25,0.0013281,0.0014069,0.0014451,1.8421e-05,9.0469e-06,1.4448e-05,0.00016686,0.0001106,0.00012606,1.1961e-06,1.7263e-06,1.9702e-06
6135.85,0.0013208,0.0013989,0.0014367,1.8445e-05,8.9678e-06,1.4324e-05,0.00016556,0.00010975,0.00012524,1.1362e-06,1.7162e-06,1.9574e-06
6149.46,0.0013136,0.0013909,0.0014285,1.847e-05,8.8915e-06,1.4203e-05,0.00016414,0.00010892,0.00012444,1.3822e-06,1.7059e-06,1.9447e-06
6163.06,0.0013065,0.001383,0.0014203,1.8494e-05,8.8168e-06,1.4084e-05,0.00016258,0.0001081,0.00012364,1.9335e-06,1.6948e-06,1.9321e-06
6176.67,0.0012995,0.0013752,0.0014122,1.8518e-05,8.7435e-06,1.3967e-05,0.0001609,0.00010728,0.00012285,2.7215e-06,1.6823e-06,1.9197e-06
6190.27,0.0012925,0.0013675,0.0014042,1.8542e-05,8.6713e-06,1.3851e-05,0.00015911,0.00010648,0.00012206,3.5374e-06,1.6686e-06,1.9074e-06
6203.88,0.0012857,0.0013599,0.0013964,1.8565e-05,8.5998e-06,1.3735e-05,0.00015722,0.00010568,0.00012129,4.0781e-06,1.654e-06,1.8953e-06
6217.48,0.001279,0.0013524,0.0013886,1.8587e-05,8.5291e-06,1.362e-05,0.00015523,0.00010491,0.00012054,4.1071e-06,1.6391e-06,1.8834e-06
6231.09,0.0012724,0.001345,0.001381,1.861e-05,8.4586e-06,1.3505e-05,0.00015318,0.00010414,0.00011979,3.6062e-06,1.6247e-06,1.8716e-06
6244.69,0.0012659,0.0013377,0.0013734,1.8631e-05,8.387e-06,1.3388e-05,0.00015105,0.00010339,0.00011905,2.7874e-06,1.6115e-06,1.86e-06
6258.3,0.0012593,0.0013303,0.0013658,1.8658e-05,8.3179e-06,1.3273e-05,0.00014885,0.00010264,0.00011831,1.9553e-06,1.5997e-06,1.8484e-06
6271.9,0.0012531,0.0013233,0.0013586,1.8705e-05,8.2645e-06,1.3184e-05,0.00014664,0.00010192,0.0001176,1.3373e-06,1.5897e-06,1.8373e-06
6285.51,0.0012467,0.0013161,0.0013511,1.8732e-05,8.1965e-06,1.307e-05,0.00014438,0.00010118,0.00011688,1.0125e-06,1.5806e-06,1.8259e-06
6299.11,0.0012403,0.0013089,0.0013436,1.8764e-05,8.1316e-06,1.2961e-05,0.0001421,0.00010046,0.00011615,9.7168e-07,1.5719e-06,1.8145e-06
6312.72,0.0012339,0.0013017,0.0013362,1.8798e-05,8.0687e-06,1.2854e-05,0.00013981,9.9731e-05,0.00011543,1.2053e-06,1.563e-06,1.8032e-06
6326.32,0.0012274,0.0012944,0.0013287,1.8834e-05,8.0072e-06,1.2749e-05,0.00013754,9.9013e-05,0.00011471,1.7172e-06,1.5532e-06,1.7918e-06
6339.93,0.0012211,0.0012872,0.0013213,1.887e-05,7.9469e-06,1.2646e-05,0.0001353,9.8301e-05,0.00011399,2.4482e-06,1.5421e-06,1.7806e-06
6353.53,0.0012148,0.0012801,0.0013139,1.8907e-05,7.8877e-06,1.2544e-05,0.00013311,9.7599e-05,0.00011328,3.209e-06,1.5298e-06,1.7694e-06
6367.14,0.0012085,0.0012731,0.0013067,1.8943e-05,7.8292e-06,1.2442e-05,0.00013098,9.6908e-05,0.00011258,3.7209e-06,1.5167e-06,1.7584e-06
6380.74,0.0012024,0.0012661,0.0012995,1.8978e-05,7.7712e-06,1.2341e-05,0.00012893,9.6229e-05,0.00011189,3.763e-06,1.5033e-06,1.7476e-06
6394.35,0.0011964,0.0012593,0.0012924,1.9009e-05,7.7126e-06,1.2238e-05,0.00012697,9.5562e-05,0.00011121,3.3125e-06,1.4904e-06,1.7369e-06
6407.95,0.0011906,0.0012527,0.0012856,1.9045e-05,7.6552e-06,1.2137e-05,0.00012511,9.4914e-05,0.00011054,2.5596e-06,1.4786e-06,1.7265e-06
6421.56,0.0011848,0.0012461,0.0012788,1.9114e-05,7.6124e-06,1.2058e-05,0.00012335,9.4271e-05,0.00010988,1.7844e-06,1.4681e-06,1.7162e-06
6435.16,0.001179,0.0012394,0.0012719,1.914e-05,7.5537e-06,1.1954e-05,0.00012169,9.3632e-05,0.00010923,1.2002e-06,1.459e-06,1.7058e-06
6448.77,0.0011732,0.0012329,0.0012651,1.9174e-05,7.499e-06,1.1855e-05,0.00012014,9.3e-05,0.00010857,8.8385e-07,1.451e-06,1.6956e-06
6462.37,0.0011675,0.0012263,0.0012584,1.9209e-05,7.446e-06,1.1759e-05,0.0001187,9.2371e-05,0.00010792,8.2503e-07,1.4434e-06,1.6854e-06
6475.98,0.0011617,0.0012197,0.0012516,1.9245e-05,7.3944e-06,1.1664e-05,0.00011737,9.1744e-05,0.00010727,1.0128e-06,1.4356e-06,1.6752e-06
6489.58,0.0011559,0.0012131,0.0012447,1.9279e-05,7.344e-06,1.1571e-05,0.00011616,9.1118e-05,0.00010662,1.4568e-06,1.4271e-06,1.665e-06
6503.19,0.0011502,0.0012065,0.0012379,1.9312e-05,7.2949e-06,1.1479e-05,0.00011506,9.0494e-05,0.00010597,2.121e-06,1.4174e-06,1.6548e-06
6516.79,0.0011444,0.0011999,0.0012311,1.9343e-05,7.2468e-06,1.1389e-05,0.00011408,8.9874e-05,0.00010532,2.8512e-06,1.4065e-06,1.6446e-06
6530.4,0.0011387,0.0011933,0.0012244,1.9371e-05,7.1994e-06,1.1299e-05,0.00011321,8.9259e-05,0.00010467,3.3944e-06,1.3946e-06,1.6345e-06
6544.0,0.001133,0.0011868,0.0012177,1.9395e-05,7.1524e-06,1.121e-05,0.00011245,8.8648e-05,0.00010403,3.5241e-06,1.3824e-06,1.6245e-06
6557.61,0.0011272,0.0011802,0.0012108,1.9407e-05,7.104e-06,1.1119e-05,0.00011178,8.803e-05,0.00010338,3.1797e-06,1.3702e-06,1.6143e-06
6571.21,0.001122,0.0011741,0.0012046,1.942e-05,7.055e-06,1.1025e-05,0.00011126,8.7457e-05,0.00010279,2.5086e-06,1.3595e-06,1.6049e-06
6584.82,0.0011172,0.0011686,0.0011988,1.9489e-05,7.0212e-06,1.0955e-05,0.00011088,8.6923e-05,0.00010223,1.7666e-06,1.3504e-06,1.5963e-06
6598.42,0.0011119,0.0011624,0.0011925,1.9506e-05,6.9759e-06,1.0867e-05,0.00011052,8.6344e-05,0.00010163,1.1713e-06,1.3419e-06,1.5868e-06
6612.03,0.0011066,0.0011563,0.0011862,1.9526e-05,6.9319e-06,1.078e-05,0.00011024,8.5774e-05,0.00010103,8.1912e-07,1.3346e-06,1.5775e-06
6625.63,0.0011014,0.0011503,0.00118,1.9548e-05,6.8889e-06,1.0695e-05,0.00011002,8.5207e-05,0.00010044,7.0698e-07,1.3278e-06,1.5683e-06
6639.24,0.0010963,0.0011443,0.0011738,1.9572e-05,6.8469e-06,1.061e-05,0.00010986,8.4642e-05,9.9855e-05,8.1708e-07,1.3211e-06,1.559e-06
6652.84,0.0010911,0.0011383,0.0011676,1.9596e-05,6.806e-06,1.0527e-05,0.00010974,8.4075e-05,9.9265e-05,1.1586e-06,1.3138e-06,1.5498e-06
6666.45,0.0010858,0.0011322,0.0011614,1.9621e-05,6.7661e-06,1.0446e-05,0.00010964,8.3508e-05,9.8674e-05,1.7231e-06,1.3054e-06,1.5406e-06
6680.05,0.0010806,0.0011261,0.0011551,1.9647e-05,6.7272e-06,1.0365e-05,0.00010955,8.2938e-05,9.8082e-05,2.4069e-06,1.2959e-06,1.5313e-06
6693.66,0.0010753,0.00112,0.0011488,1.9671e-05,6.6892e-06,1.0286e-05,0.00010946,8.2367e-05,9.7487e-05,2.9961e-06,1.2854e-06,1.522e-06
6707.26,0.0010699,0.0011137,0.0011423,1.9692e-05,6.6518e-06,1.0208e-05,0.00010936,8.1787e-05,9.6883e-05,3.2569e-06,1.2741e-06,1.5125e-06
6720.87,0.0010649,0.0011079,0.0011363,1.9713e-05,6.6146e-06,1.0129e-05,0.00010928,8.1238e-05,9.6316e-05,3.0745e-06,1.2634e-06,1.5036e-06
6734.47,0.0010613,0.0011036,0.0011319,1.9767e-05,6.5819e-06,1.0057e-05,0.00010932,8.0803e-05,9.5885e-05,2.5272e-06,1.2549e-06,1.4969e-06
6748.08,0.0010559,0.0010973,0.0011254,1.978e-05,6.5455e-06,9.9788e-06,0.00010912,8.0221e-05,9.5279e-05,1.8246e-06,1.245e-06,1.4874e-06
6761.68,0.0010509,0.0010915,0.0011195,1.98e-05,6.5101e-06,9.9021e-06,0.00010893,7.9678e-05,9.4718e-05,1.2028e-06,1.2369e-06,1.4786e-06
6775.29,0.0010461,0.0010858,0.0011137,1.9819e-05,6.4752e-06,9.8259e-06,0.00010868,7.9147e-05,9.4173e-05,7.9001e-07,1.23e-06,1.47e-06
6788.89,0.0010414,0.0010803,0.001108,1.9839e-05,6.4408e-06,9.7501e-06,0.00010838,7.8622e-05,9.3636e-05,6.0352e-07,1.2239e-06,1.4616e-06
6802.5,0.0010367,0.0010747,0.0011023,1.9858e-05,6.4071e-06,9.675e-06,0.00010801,7.8102e-05,9.3102e-05,6.188e-07,1.2181e-06,1.4533e-06
6816.1,0.001032,0.0010692,0.0010966,1.9877e-05,6.3741e-06,9.6008e-06,0.00010755,7.7582e-05,9.2569e-05,8.3488e-07,1.2119e-06,1.4449e-06
6829.71,0.0010273,0.0010637,0.0010909,1.9894e-05,6.342e-06,9.5277e-06,0.000107,7.7061e-05,9.2034e-05,1.2651e-06,1.205e-06,1.4365e-06
6843.31,0.0010225,0.001058,0.0010851,1.9911e-05,6.3108e-06,9.4557e-06,0.00010635,7.6538e-05,9.1496e-05,1.8658e-06,1.197e-06,1.4281e-06
6856.92,0.0010176,0.0010523,0.0010793,1.9924e-05,6.2805e-06,9.3849e-06,0.00010559,7.6008e-05,9.0949e-05,2.4848e-06,1.1878e-06,1.4195e-06
6870.52,0.0010124,0.0010462,0.001073,1.9933e-05,6.251e-06,9.315e-06,0.00010471,7.5453e-05,9.037e-05,2.8992e-06,1.1776e-06,1.4105e-06
6884.13,0.0010076,0.0010406,0.0010672,1.9937e-05,6.2224e-06,9.2463e-06,0.00010377,7.4934e-05,8.9833e-05,2.9365e-06,1.1675e-06,1.402e-06
6897.73,0.0010051,0.0010373,0.0010639,1.9959e-05,6.1949e-06,9.1789e-06,0.00010297,7.4586e-05,8.9499e-05,2.5822e-06,1.1604e-06,1.3968e-06
6911.34,0.0010001,0.0010315,0.0010579,1.9959e-05,6.1672e-06,9.1111e-06,0.00010183,7.4054e-05,8.8943e-05,1.9714e-06,1.151e-06,1.3881e-06
6924.94,0.00099544,0.001026,0.0010523,1.9958e-05,6.1399e-06,9.0436e-06,0.00010064,7.3553e-05,8.8423e-05,1.3359e-06,1.1431e-06,1.3799e-06
6938.55,0.00099099,0.0010207,0.0010468,1.9954e-05,6.1128e-06,8.9764e-06,9.9378e-05,7.3068e-05,8.7919e-05,8.4817e-07,1.1363e-06,1.372e-06
6952.15,0.00098663,0.0010155,0.0010415,1.9948e-05,6.086e-06,8.9093e-06,9.8056e-05,7.2592e-05,8.7425e-05,5.7011e-07,1.1306e-06,1.3643e-06
6965.76,0.00098235,0.0010104,0.0010363,1.9941e-05,6.0595e-06,8.8424e-06,9.6673e-05,7.2125e-05,8.6938e-05,4.853e-07,1.1254e-06,1.3566e-06
6979.36,0.0009781,0.0010054,0.0010311,1.9933e-05,6.0334e-06,8.776e-06,9.5232e-05,7.1662e-05,8.6455e-05,5.7469e-07,1.1202e-06,1.349e-06
6992.97,0.00097385,0.0010003,0.0010259,1.9925e-05,6.0078e-06,8.7102e-06,9.374e-05,7.1202e-05,8.5972e-05,8.5169e-07,1.1146e-06,1.3415e-06
7006.57,0.00096955,0.00099518,0.0010207,1.9918e-05,5.9829e-06,8.6452e-06,9.2202e-05,7.0742e-05,8.5486e-05,1.3217e-06,1.1081e-06,1.3338e-06
7020.18,0.00096513,0.00098993,0.0010153,1.991e-05,5.9586e-06,8.581e-06,9.062e-05,7.0275e-05,8.4989e-05,1.9109e-06,1.1004e-06,1.326e-06
7033.78,0.00096019,0.00098416,0.0010094,1.9901e-05,5.9345e-06,8.5169e-06,8.8969e-05,6.9774e-05,8.4449e-05,2.4447e-06,1.0914e-06,1.3176e-06
7047.39,0.00095555,0.00097868,0.0010038,1.9892e-05,5.913e-06,8.4566e-06,8.7335e-05,6.9298e-05,8.3935e-05,2.7201e-06,1.0821e-06,1.3095e-06
7060.99,0.0009537,0.00097608,0.0010011,1.9888e-05,5.8929e-06,8.398e-06,8.5952e-05,6.9027e-05,8.3667e-05,2.6253e-06,1.0759e-06,1.3053e-06
7074.6,0.00094911,0.00097066,0.00099556,1.9878e-05,5.8713e-06,8.3371e-06,8.4329e-05,6.8561e-05,8.316e-05,2.1854e-06,1.067e-06,1.2973e-06
7088.2,0.0009448,0.00096554,0.00099032,1.9867e-05,5.8504e-06,8.2771e-06,8.2748e-05,6.8118e-05,8.2679e-05,1.5844e-06,1.0591e-06,1.2897e-06
7101.81,0.00094064,0.00096056,0.00098523,1.9855e-05,5.8299e-06,8.2175e-06,8.1207e-05,6.7689e-05,8.221e-05,1.0253e-06,1.0524e-06,1.2824e-06
7115.41,0.00093658,0.0009557,0.00098025,1.9841e-05,5.8096e-06,8.1581e-06,7.971e-05,6.727e-05,8.1752e-05,6.3493e-07,1.0467e-06,1.2752e-06
7129.02,0.00093262,0.00095093,0.00097538,1.9826e-05,5.7894e-06,8.0987e-06,7.8265e-05,6.686e-05,8.1303e-05,4.3704e-07,1.0417e-06,1.2681e-06
7142.62,0.00092873,0.00094623,0.00097058,1.9809e-05,5.7694e-06,8.0394e-06,7.6875e-05,6.6459e-05,8.0861e-05,4.0423e-07,1.0372e-06,1.2612e-06
7156.23,0.00092488,0.00094158,0.00096582,1.9792e-05,5.7495e-06,7.9803e-06,7.5544e-05,6.6062e-05,8.0423e-05,5.2587e-07,1.0326e-06,1.2543e-06
7169.83,0.00092102,0.00093693,0.00096106,1.9773e-05,5.7298e-06,7.9215e-06,7.4276e-05,6.5669e-05,7.9986e-05,8.2169e-07,1.0275e-06,1.2474e-06
7183.44,0.0009171,0.0009322,0.00095624,1.9754e-05,5.7103e-06,7.8627e-06,7.3069e-05,6.5272e-05,7.9543e-05,1.2892e-06,1.0214e-06,1.2405e-06
7197.04,0.0009128,0.0009271,0.00095102,1.9731e-05,5.6895e-06,7.8022e-06,7.1903e-05,6.4852e-05,7.9069e-05,1.8405e-06,1.0141e-06,1.233e-06
7210.65,0.00090851,0.000922,0.00094582,1.9712e-05,5.6731e-06,7.7477e-06,7.0813e-05,6.4434e-05,7.8596e-05,2.302e-06,1.0061e-06,1.2256e-06
7224.25,0.0009065,0.00091923,0.000943,1.9694e-05,5.6629e-06,7.7012e-06,6.9975e-05,6.418e-05,7.8322e-05,2.4982e-06,1.0001e-06,1.2213e-06
7237.86,0.00090239,0.00091432,0.00093798,1.9667e-05,5.6455e-06,7.6451e-06,6.9053e-05,6.3779e-05,7.7866e-05,2.3333e-06,9.9188e-07,1.2141e-06
7251.46,0.00089844,0.00090957,0.00093314,1.9637e-05,5.6295e-06,7.5909e-06,6.8221e-05,6.339e-05,7.7425e-05,1.8807e-06,9.8422e-07,1.2072e-06
7265.07,0.00089457,0.00090491,0.00092838,1.9605e-05,5.6143e-06,7.5375e-06,6.7473e-05,6.3009e-05,7.6992e-05,1.3168e-06,9.7737e-07,1.2004e-06
7278.67,0.00089077,0.00090032,0.0009237,1.9568e-05,5.5995e-06,7.4846e-06,6.6809e-05,6.2635e-05,7.6566e-05,8.2201e-07,9.7149e-07,1.1937e-06
7292.28,0.00088705,0.00089582,0.00091911,1.9528e-05,5.5848e-06,7.432e-06,6.6226e-05,6.2268e-05,7.6147e-05,4.9466e-07,9.6653e-07,1.1871e-06
7305.88,0.00088342,0.00089141,0.00091461,1.9484e-05,5.5702e-06,7.3793e-06,6.5723e-05,6.1907e-05,7.5737e-05,3.3998e-07,9.6226e-07,1.1807e-06
7319.49,0.00087986,0.00088707,0.00091019,1.9438e-05,5.5556e-06,7.3266e-06,6.5295e-05,6.1554e-05,7.5334e-05,3.2727e-07,9.5831e-07,1.1743e-06
7333.09,0.00087636,0.00088279,0.00090583,1.9388e-05,5.5408e-06,7.2737e-06,6.4938e-05,6.1205e-05,7.4937e-05,4.5057e-07,9.5425e-07,1.1681e-06
7346.7,0.00087287,0.00087853,0.00090149,1.9336e-05,5.5256e-06,7.2203e-06,6.4644e-05,6.0857e-05,7.4541e-05,7.331e-07,9.4969e-07,1.1618e-06
7360.3,0.00086929,0.00087418,0.00089706,1.9278e-05,5.5082e-06,7.1641e-06,6.4401e-05,6.0505e-05,7.4139e-05,1.1729e-06,9.4426e-07,1.1555e-06
7373.91,0.00086559,0.0008697,0.0008925,1.923e-05,5.4951e-06,7.1136e-06,6.42e-05,6.0144e-05,7.3727e-05,1.6858e-06,9.3789e-07,1.149e-06
7387.51,0.00086293,0.00086628,0.00088902,1.9198e-05,5.4942e-06,7.0781e-06,6.4123e-05,5.9855e-05,7.3404e-05,2.1108e-06,9.3199e-07,1.1439e-06
7401.12,0.00085934,0.00086192,0.00088459,1.9141e-05,5.4794e-06,7.0254e-06,6.4016e-05,5.9503e-05,7.3003e-05,2.2767e-06,9.2473e-07,1.1376e-06
7414.72,0.00085579,0.00085761,0.0008802,1.9087e-05,5.467e-06,6.9755e-06,6.3945e-05,5.9154e-05,7.2606e-05,2.113e-06,9.1752e-07,1.1314e-06
7428.33,0.00085224,0.0008533,0.00087582,1.9033e-05,5.4555e-06,6.927e-06,6.3901e-05,5.8806e-05,7.221e-05,1.6871e-06,9.1071e-07,1.1252e-06
7441.93,0.00084871,0.00084902,0.00087146,1.8979e-05,5.4448e-06,6.8793e-06,6.3877e-05,5.8459e-05,7.1817e-05,1.1642e-06,9.0459e-07,1.119e-06
7455.54,0.00084522,0.00084477,0.00086714,1.8923e-05,5.4346e-06,6.8322e-06,6.3867e-05,5.8115e-05,7.1427e-05,7.1029e-07,8.9933e-07,1.1129e-06
7469.14,0.00084179,0.00084058,0.00086288,1.8866e-05,5.4245e-06,6.7854e-06,6.3866e-05,5.7775e-05,7.1044e-05,4.1302e-07,8.949e-07,1.1068e-06
7482.75,0.00083842,0.00083647,0.0008587,1.8807e-05,5.4145e-06,6.7386e-06,6.3866e-05,5.7441e-05,7.0666e-05,2.7299e-07,8.911e-07,1.1009e-06
7496.35,0.00083514,0.00083244,0.0008546,1.8747e-05,5.4043e-06,6.6917e-06,6.3862e-05,5.7112e-05,7.0297e-05,2.5798e-07,8.8762e-07,1.0951e-06
7509.96,0.00083192,0.00082848,0.00085058,1.8683e-05,5.3936e-06,6.6441e-06,6.3846e-05,5.6788e-05,6.9934e-05,3.6096e-07,8.8407e-07,1.0894e-06
7523.56,0.00082876,0.00082458,0.00084662,1.8613e-05,5.3811e-06,6.5944e-06,6.3809e-05,5.6468e-05,6.9576e-05,6.0662e-07,8.801e-07,1.0838e-06
7537.17,0.00082561,0.00082068,0.00084267,1.8553e-05,5.3709e-06,6.5477e-06,6.3741e-05,5.6149e-05,6.9219e-05,1.0017e-06,8.7545e-07,1.0781e-06
7550.77,0.00082257,0.0008169,0.00083883,1.8528e-05,5.3763e-06,6.5196e-06,6.3644e-05,5.5838e-05,6.8873e-05,1.4787e-06,8.7017e-07,1.0727e-06
7564.38,0.00081944,0.00081305,0.00083492,1.8452e-05,5.3629e-06,6.469e-06,6.3498e-05,5.5522e-05,6.8521e-05,1.8913e-06,8.6418e-07,1.0672e-06
7577.98,0.0008163,0.00080918,0.00083099,1.8384e-05,5.353e-06,6.4228e-06,6.3303e-05,5.5205e-05,6.8167e-05,2.08e-06,8.5779e-07,1.0616e-06
7591.59,0.00081313,0.00080527,0.00082703,1.8317e-05,5.3444e-06,6.3781e-06,6.3052e-05,5.4887e-05,6.7812e-05,1.9636e-06,8.5135e-07,1.056e-06
7605.19,0.00080992,0.00080134,0.00082305,1.8249e-05,5.3366e-06,6.3345e-06,6.2743e-05,5.4568e-05,6.7455e-05,1.5899e-06,8.4519e-07,1.0504e-06
7618.8,0.0008067,0.0007974,0.00081905,1.8179e-05,5.3295e-06,6.2917e-06,6.2373e-05,5.4248e-05,6.7097e-05,1.1058e-06,8.3961e-07,1.0448e-06
7632.4,0.00080347,0.00079346,0.00081505,1.8107e-05,5.323e-06,6.2496e-06,6.1942e-05,5.3929e-05,6.674e-05,6.7043e-07,8.3478e-07,1.0392e-06
7646.01,0.00080028,0.00078955,0.00081109,1.8031e-05,5.3168e-06,6.2078e-06,6.145e-05,5.3613e-05,6.6386e-05,3.7582e-07,8.307e-07,1.0336e-06
7659.61,0.00079713,0.00078569,0.00080717,1.7951e-05,5.3106e-06,6.1663e-06,6.0899e-05,5.3301e-05,6.6037e-05,2.29e-07,8.2722e-07,1.0281e-06
7673.22,0.00079403,0.00078189,0.00080332,1.7867e-05,5.3043e-06,6.1245e-06,6.0291e-05,5.2995e-05,6.5693e-05,1.9679e-07,8.2409e-07,1.0227e-06
7686.82,0.000791,0.00077815,0.00079954,1.7776e-05,5.2971e-06,6.0817e-06,5.9626e-05,5.2694e-05,6.5355e-05,2.6475e-07,8.2095e-07,1.0174e-06
7700.43,0.00078794,0.00077438,0.00079573,1.7658e-05,5.284e-06,6.0322e-06,5.8899e-05,5.2392e-05,6.5015e-05,4.5473e-07,8.174e-07,1.0121e-06
7714.03,0.00078543,0.00077117,0.00079248,1.7659e-05,5.3012e-06,6.018e-06,5.8158e-05,5.2129e-05,6.4721e-05,7.8674e-07,8.1382e-07,1.0075e-06
7727.64,0.00078246,0.0007675,0.00078877,1.7536e-05,5.287e-06,5.9676e-06,5.7329e-05,5.1836e-05,6.439e-05,1.2196e-06,8.0907e-07,1.0023e-06
7741.24,0.0007796,0.00076395,0.00078518,1.7436e-05,5.2796e-06,5.925e-06,5.646e-05,5.1553e-05,6.407e-05,1.6338e-06,8.0382e-07,9.9726e-07
7754.85,0.00077675,0.0007604,0.00078159,1.7339e-05,5.2733e-06,5.8839e-06,5.5548e-05,5.1272e-05,6.375e-05,1.8761e-06,7.9815e-07,9.9224e-07
7768.45,0.00077388,0.00075684,0.00077799,1.7243e-05,5.2677e-06,5.8437e-06,5.4596e-05,5.0992e-05,6.343e-05,1.8445e-06,7.9236e-07,9.8721e-07
7782.06,0.00077097,0.00075325,0.00077436,1.7148e-05,5.2628e-06,5.8043e-06,5.3609e-05,5.0711e-05,6.3107e-05,1.5506e-06,7.8674e-07,9.8215e-07
7795.66,0.00076803,0.00074963,0.0007707,1.7052e-05,5.2584e-06,5.7657e-06,5.2593e-05,5.0429e-05,6.2782e-05,1.1126e-06,7.8158e-07,9.7705e-07
7809.27,0.00076505,0.00074598,0.00076702,1.6956e-05,5.2546e-06,5.7278e-06,5.1555e-05,5.0148e-05,6.2455e-05,6.8406e-07,7.7705e-07,9.7194e-07
7822.87,0.00076207,0.00074232,0.00076332,1.6859e-05,5.2513e-06,5.6904e-06,5.0502e-05,4.9868e-05,6.2129e-05,3.7252e-07,7.732e-07,9.6681e-07
7836.48,0.00075908,0.00073867,0.00075963,1.6761e-05,5.2482e-06,5.6533e-06,4.9442e-05,4.959e-05,6.1803e-05,2.0262e-07,7.6994e-07,9.6171e-07
7850.08,0.0007561,0.00073503,0.00075595,1.6661e-05,5.2451e-06,5.6162e-06,4.8381e-05,4.9314e-05,6.1477e-05,1.4406e-07,7.6704e-07,9.5661e-07
7863.69,0.00075303,0.0007313,0.00075218,1.6553e-05,5.2411e-06,5.5782e-06,4.7319e-05,4.9035e-05,6.1145e-05,1.6999e-07,7.641e-07,9.5141e-07
7877.29,0.00075047,0.00072808,0.00074893,1.6449e-05,5.2368e-06,5.5402e-06,4.6301e-05,4.8791e-05,6.0857e-05,2.916e-07,7.6143e-07,9.4689e-07
7890.9,0.00074846,0.00072539,0.00074623,1.639e-05,5.2417e-06,5.5127e-06,4.5333e-05,4.8585e-05,6.0612e-05,5.3886e-07,7.5883e-07,9.4306e-07
7904.5,0.00074556,0.00072184,0.00074265,1.6279e-05,5.2371e-06,5.4743e-06,4.4331e-05,4.8322e-05,6.0297e-05,9.0465e-07,7.5469e-07,9.3811e-07
7918.11,0.00074286,0.00071849,0.00073927,1.6173e-05,5.2334e-06,5.4373e-06,4.3369e-05,4.8075e-05,5.9998e-05,1.3091e-06,7.5015e-07,9.3344e-07
7931.71,0.00074022,0.0007152,0.00073596,1.6069e-05,5.23e-06,5.4007e-06,4.2442e-05,4.7834e-05,5.9705e-05,1.6155e-06,7.4519e-07,9.2885e-07
7945.32,0.0007376,0.00071193,0.00073267,1.5966e-05,5.2268e-06,5.3645e-06,4.1551e-05,4.7595e-05,5.9414e-05,1.7001e-06,7.4002e-07,9.2429e-07
7958.92,0.00073495,0.00070865,0.00072936,1.5862e-05,5.224e-06,5.3288e-06,4.0698e-05,4.7357e-05,5.9122e-05,1.5255e-06,7.3489e-07,9.1972e-07
7972.53,0.00073227,0.00070533,0.00072602,1.5759e-05,5.2216e-06,5.2938e-06,3.9886e-05,4.7118e-05,5.8828e-05,1.1636e-06,7.3008e-07,9.1512e-07
7986.13,0.00072955,0.00070198,0.00072264,1.5655e-05,5.2197e-06,5.2593e-06,3.9116e-05,4.6878e-05,5.8531e-05,7.5183e-07,7.2578e-07,9.1048e-07
7999.74,0.00072678,0.00069858,0.00071922,1.555e-05,5.2184e-06,5.2255e-06,3.8392e-05,4.6637e-05,5.8231e-05,4.1518e-07,7.2207e-07,9.0578e-07
8013.34,0.00072395,0.00069514,0.00071575,1.5443e-05,5.2175e-06,5.1922e-06,3.7714e-05,4.6393e-05,5.7927e-05,2.0854e-07,7.1892e-07,9.0103e-07
8026.95,0.00072101,0.0006916,0.00071218,1.5332e-05,5.217e-06,5.1592e-06,3.708e-05,4.6144e-05,5.7615e-05,1.1738e-07,7.161e-07,8.9616e-07
8040.55,0.00071752,0.00068752,0.00070806,1.5213e-05,5.2162e-06,5.126e-06,3.647e-05,4.5861e-05,5.7259e-05,1.0562e-07,7.1291e-07,8.906e-07
8054.16,0.00071515,0.00068453,0.00070506,1.5093e-05,5.2147e-06,5.0922e-06,3.5968e-05,4.5651e-05,5.6995e-05,1.6539e-07,7.1074e-07,8.8647e-07
8067.76,0.00071429,0.00068299,0.00070354,1.5007e-05,5.2172e-06,5.0636e-06,3.5592e-05,4.5538e-05,5.685e-05,3.2474e-07,7.0972e-07,8.842e-07
8081.37,0.00071145,0.00067955,0.00070008,1.4885e-05,5.2166e-06,5.031e-06,3.5168e-05,4.5299e-05,5.6549e-05,6.0574e-07,7.0619e-07,8.7949e-07
8094.97,0.00070885,0.00067636,0.00069687,1.4762e-05,5.2158e-06,4.9985e-06,3.4804e-05,4.5077e-05,5.6268e-05,9.7655e-07,7.0231e-07,8.751e-07
8108.58,0.00070636,0.00067326,0.00069376,1.4639e-05,5.2149e-06,4.966e-06,3.4494e-05,4.4863e-05,5.5996e-05,1.334e-06,6.98e-07,8.7085e-07
8122.18,0.00070392,0.00067023,0.00069071,1.4514e-05,5.2138e-06,4.9336e-06,3.4232e-05,4.4652e-05,5.5728e-05,1.5458e-06,6.9339e-07,8.6667e-07
8135.79,0.00070149,0.00066721,0.00068768,1.4388e-05,5.2127e-06,4.9013e-06,3.4015e-05,4.4443e-05,5.5463e-05,1.523e-06,6.8869e-07,8.6252e-07
8149.39,0.00069906,0.00066418,0.00068464,1.4262e-05,5.2117e-06,4.8694e-06,3.3839e-05,4.4234e-05,5.5197e-05,1.2741e-06,6.8415e-07,8.5837e-07
8163.0,0.00069658,0.00066112,0.00068157,1.4136e-05,5.2111e-06,4.8379e-06,3.37e-05,4.4023e-05,5.4928e-05,8.9956e-07,6.7999e-07,8.5418e-07
8176.6,0.00069404,0.000658,0.00067844,1.401e-05,5.2108e-06,4.807e-06,3.3594e-05,4.3808e-05,5.4656e-05,5.3261e-07,6.7633e-07,8.4993e-07
8190.21,0.0006914,0.0006548,0.00067523,1.3883e-05,5.211e-06,4.7766e-06,3.3516e-05,4.3588e-05,5.4376e-05,2.6742e-07,6.7318e-07,8.4557e-07
8203.81,0.00068856,0.00065141,0.00067181,1.3756e-05,5.2117e-06,4.7467e-06,3.3456e-05,4.3355e-05,5.4081e-05,1.2479e-07,6.7035e-07,8.4097e-07
8217.42,0.00068439,0.00064676,0.00066711,1.3625e-05,5.2126e-06,4.717e-06,3.3356e-05,4.3038e-05,5.3683e-05,7.3211e-08,6.6657e-07,8.3476e-07
8231.02,0.00068656,0.00064812,0.00066859,1.3513e-05,5.2147e-06,4.6893e-06,3.3587e-05,4.3121e-05,5.3783e-05,8.1929e-08,6.6905e-07,8.363e-07
8244.63,0.00068256,0.00064365,0.00066407,1.3382e-05,5.216e-06,4.6602e-06,3.3534e-05,4.2816e-05,5.3399e-05,1.5485e-07,6.6535e-07,8.3032e-07
8258.23,0.0006798,0.00064036,0.00066075,1.3254e-05,5.2174e-06,4.6314e-06,3.3553e-05,4.2588e-05,5.3113e-05,3.2556e-07,6.6247e-07,8.2587e-07
8271.84,0.00067728,0.00063729,0.00065768,1.3125e-05,5.2186e-06,4.6027e-06,3.3592e-05,4.2376e-05,5.2847e-05,6.0832e-07,6.5929e-07,8.2171e-07
8285.44,0.00067487,0.00063434,0.00065472,1.2996e-05,5.2196e-06,4.5739e-06,3.3641e-05,4.2172e-05,5.259e-05,9.5633e-07,6.5568e-07,8.1771e-07
8299.05,0.00067255,0.00063147,0.00065185,1.2867e-05,5.2202e-06,4.545e-06,3.3693e-05,4.1972e-05,5.234e-05,1.262e-06,6.5169e-07,8.1382e-07
8312.65,0.00067028,0.00062865,0.00064903,1.2738e-05,5.2206e-06,4.516e-06,3.3742e-05,4.1776e-05,5.2096e-05,1.407e-06,6.4749e-07,8.1001e-07
8326.26,0.00066803,0.00062587,0.00064624,1.261e-05,5.2207e-06,4.4871e-06,3.3782e-05,4.1582e-05,5.1853e-05,1.3293e-06,6.4328e-07,8.0623e-07
8339.86,0.00066578,0.00062308,0.00064346,1.2481e-05,5.2208e-06,4.4583e-06,3.3809e-05,4.1387e-05,5.1611e-05,1.0611e-06,6.3928e-07,8.0246e-07
8353.47,0.00066349,0.00062026,0.00064063,1.2354e-05,5.221e-06,4.4298e-06,3.3815e-05,4.119e-05,5.1367e-05,7.0892e-07,6.3566e-07,7.9865e-07
8367.07,0.0006611,0.00061736,0.00063773,1.2226e-05,5.2213e-06,4.4016e-06,3.3795e-05,4.0988e-05,5.1116e-05,3.9207e-07,6.325e-07,7.9474e-07
8380.68,0.0006585,0.00061425,0.00063462,1.2099e-05,5.2217e-06,4.3736e-06,3.3737e-05,4.0772e-05,5.0848e-05,1.8109e-07,6.2967e-07,7.9058e-07
8394.28,0.00065435,0.00060972,0.00063002,1.1968e-05,5.2191e-06,4.3437e-06,3.3572e-05,4.0461e-05,5.0463e-05,7.815e-08,6.2582e-07,7.8457e-07
8407.89,0.00065643,0.00061098,0.00063143,1.185e-05,5.2313e-06,4.3249e-06,3.3694e-05,4.0535e-05,5.0557e-05,4.7526e-08,6.2819e-07,7.8604e-07
8421.49,0.0006529,0.00060704,0.00062744,1.1719e-05,5.2308e-06,4.2968e-06,3.3494e-05,4.0264e-05,5.0221e-05,6.2585e-08,6.2524e-07,7.808e-07
8435.1,0.00065029,0.00060395,0.00062434,1.1589e-05,5.2326e-06,4.2706e-06,3.3305e-05,4.0049e-05,4.9956e-05,1.3662e-07,6.2296e-07,7.7667e-07
8448.7,0.00064785,0.00060103,0.00062142,1.1457e-05,5.2349e-06,4.2448e-06,3.3087e-05,3.9846e-05,4.9705e-05,3.0377e-07,6.2046e-07,7.7276e-07
8462.31,0.00064552,0.0005982,0.00061859,1.1324e-05,5.2372e-06,4.2191e-06,3.2835e-05,3.965e-05,4.9462e-05,5.7364e-07,6.1756e-07,7.6898e-07
8475.91,0.00064326,0.00059546,0.00061585,1.119e-05,5.2392e-06,4.1934e-06,3.2548e-05,3.9459e-05,4.9226e-05,8.953e-07,6.1423e-07,7.6531e-07
8489.52,0.00064107,0.00059279,0.00061318,1.1053e-05,5.2409e-06,4.1676e-06,3.2224e-05,3.9273e-05,4.8996e-05,1.1645e-06,6.1057e-07,7.6173e-07
8503.12,0.00063895,0.00059017,0.00061058,1.0915e-05,5.2422e-06,4.1417e-06,3.1864e-05,3.9092e-05,4.8771e-05,1.2745e-06,6.0674e-07,7.5822e-07
8516.73,0.00063685,0.00058759,0.00060801,1.0776e-05,5.2431e-06,4.1156e-06,3.1468e-05,3.8914e-05,4.855e-05,1.1774e-06,6.0294e-07,7.5477e-07
8530.33,0.00063477,0.00058503,0.00060545,1.0637e-05,5.2436e-06,4.0895e-06,3.1034e-05,3.8737e-05,4.8329e-05,9.1321e-07,5.9938e-07,7.5134e-07
8543.94,0.00063265,0.00058244,0.00060287,1.0496e-05,5.2437e-06,4.0634e-06,3.0565e-05,3.8559e-05,4.8107e-05,5.8599e-07,5.962e-07,7.4788e-07
8557.54,0.00063041,0.00057974,0.00060017,1.0355e-05,5.2429e-06,4.0367e-06,3.0056e-05,3.8375e-05,4.7876e-05,3.0427e-07,5.934e-07,7.4429e-07
8571.15,0.00062738,0.00057632,0.00059674,1.0208e-05,5.2354e-06,4.0056e-06,2.9481e-05,3.8144e-05,4.7586e-05,1.2619e-07,5.9038e-07,7.3978e-07
8584.75,0.00062796,0.00057622,0.00059673,1.0094e-05,5.2636e-06,3.9998e-06,2.9046e-05,3.8134e-05,4.757e-05,4.6298e-08,5.9117e-07,7.3952e-07
8598.36,0.00062493,0.0005728,0.0005933,9.9475e-06,5.2567e-06,3.9695e-06,2.842e-05,3.7905e-05,4.7281e-05,2.4498e-08,5.8881e-07,7.3502e-07
8611.96,0.00062256,0.00057,0.0005905,9.8082e-06,5.2574e-06,3.9446e-06,2.7804e-05,3.7717e-05,4.7042e-05,3.6359e-08,5.8709e-07,7.3131e-07
8625.57,0.00062027,0.00056729,0.00058779,9.6701e-06,5.2594e-06,3.9208e-06,2.7176e-05,3.7537e-05,4.6812e-05,9.5945e-08,5.8527e-07,7.2771e-07
8639.17,0.00061804,0.00056462,0.00058513,9.5325e-06,5.2619e-06,3.8976e-06,2.6537e-05,3.7361e-05,4.6585e-05,2.3949e-07,5.8312e-07,7.2418e-07
8652.78,0.00061584,0.000562,0.00058252,9.395e-06,5.2646e-06,3.8745e-06,2.5892e-05,3.7188e-05,4.6362e-05,4.8098e-07,5.8055e-07,7.2071e-07
8666.38,0.0006137,0.00055944,0.00057996,9.2578e-06,5.2671e-06,3.8516e-06,2.5245e-05,3.702e-05,4.6143e-05,7.7717e-07,5.7755e-07,7.1731e-07
8679.99,0.00061162,0.00055693,0.00057746,9.1206e-06,5.2693e-06,3.8285e-06,2.4599e-05,3.6858e-05,4.593e-05,1.0328e-06,5.7422e-07,7.1399e-07
8693.59,0.0006096,0.00055448,0.00057503,8.9836e-06,5.271e-06,3.8053e-06,2.3958e-05,3.67e-05,4.5722e-05,1.1468e-06,5.7073e-07,7.1074e-07
8707.2,0.00060763,0.00055209,0.00057265,8.8468e-06,5.2721e-06,3.7818e-06,2.3326e-05,3.6546e-05,4.5518e-05,1.0701e-06,5.6728e-07,7.0757e-07
8720.8,0.0006057,0.00054972,0.0005703,8.7103e-06,5.2724e-06,3.7579e-06,2.2705e-05,3.6396e-05,4.5318e-05,8.3468e-07,5.6405e-07,7.0444e-07
8734.41,0.00060375,0.00054736,0.00056796,8.5733e-06,5.2712e-06,3.7333e-06,2.2096e-05,3.6248e-05,4.5117e-05,5.3496e-07,5.6118e-07,7.0132e-07
8748.01,0.00060167,0.00054488,0.00056549,8.4306e-06,5.2635e-06,3.7046e-06,2.1499e-05,3.6092e-05,4.4907e-05,2.731e-07,5.5866e-07,6.9805e-07
8761.62,0.00059951,0.00054232,0.00056294,8.3041e-06,5.2676e-06,3.6841e-06,2.0918e-05,3.5932e-05,4.4691e-05,1.0694e-07,5.5653e-07,6.9468e-07
8775.22,0.00059831,0.00054065,0.00056131,8.191e-06,5.2885e-06,3.6745e-06,2.0392e-05,3.5831e-05,4.4547e-05,3.3099e-08,5.557e-07,6.9244e-07
8788.83,0.00059625,0.0005382,0.00055888,8.057e-06,5.2865e-06,3.6502e-06,1.9859e-05,3.5681e-05,4.4341e-05,1.3022e-08,5.5432e-07,6.8922e-07
8802.43,0.0005942,0.00053577,0.00055646,7.926e-06,5.2871e-06,3.6277e-06,1.9353e-05,3.5532e-05,4.4135e-05,1.8481e-08,5.53e-07,6.8602e-07
8816.04,0.00059213,0.00053332,0.00055402,7.7961e-06,5.2887e-06,3.6061e-06,1.8873e-05,3.5383e-05,4.3929e-05,5.8692e-08,5.5151e-07,6.828e-07
8829.64,0.00059005,0.00053087,0.00055159,7.6667e-06,5.291e-06,3.5849e-06,1.8422e-05,3.5234e-05,4.3722e-05,1.6952e-07,5.4968e-07,6.7958e-07
8843.25,0.00058798,0.00052843,0.00054916,7.5372e-06,5.2935e-06,3.5641e-06,1.8001e-05,3.5087e-05,4.3517e-05,3.7334e-07,5.4744e-07,6.7638e-07
8856.85,0.00058594,0.00052602,0.00054677,7.4074e-06,5.2961e-06,3.5435e-06,1.7611e-05,3.4943e-05,4.3314e-05,6.4198e-07,5.4478e-07,6.7322e-07
8870.46,0.00058393,0.00052366,0.00054442,7.277e-06,5.2984e-06,3.5229e-06,1.7254e-05,3.4802e-05,4.3115e-05,8.9387e-07,5.4177e-07,6.7012e-07
8884.06,0.00058198,0.00052135,0.00054212,7.1458e-06,5.3003e-06,3.5021e-06,1.6929e-05,3.4665e-05,4.292e-05,1.0315e-06,5.3857e-07,6.6708e-07
8897.67,0.00058009,0.00051909,0.00053989,7.0137e-06,5.3014e-06,3.481e-06,1.6638e-05,3.4532e-05,4.2731e-05,9.9596e-07,5.3538e-07,6.6412e-07
8911.27,0.00057825,0.00051689,0.0005377,6.8803e-06,5.3012e-06,3.4592e-06,1.6379e-05,3.4404e-05,4.2545e-05,8.0176e-07,5.3238e-07,6.6123e-07
8924.88,0.00057646,0.00051473,0.00053557,6.7427e-06,5.297e-06,3.4351e-06,1.6152e-05,3.4278e-05,4.2364e-05,5.2843e-07,5.2973e-07,6.584e-07
8938.48,0.00057467,0.00051258,0.00053344,6.6138e-06,5.2981e-06,3.4147e-06,1.5955e-05,3.4153e-05,4.2183e-05,2.7453e-07,5.2752e-07,6.5559e-07
8952.09,0.00057292,0.00051047,0.00053136,6.5058e-06,5.3213e-06,3.4082e-06,1.5789e-05,3.4032e-05,4.2006e-05,1.0518e-07,5.2578e-07,6.5282e-07
8965.69,0.00057114,0.00050833,0.00052925,6.3686e-06,5.3157e-06,3.3838e-06,1.565e-05,3.3908e-05,4.1827e-05,2.7236e-08,5.2443e-07,6.5003e-07
8979.3,0.00056933,0.00050618,0.00052712,6.2368e-06,5.3145e-06,3.3623e-06,1.5537e-05,3.3784e-05,4.1647e-05,5.6842e-09,5.2332e-07,6.4721e-07
8992.9,0.00056748,0.00050399,0.00052495,6.107e-06,5.3145e-06,3.3418e-06,1.545e-05,3.3657e-05,4.1464e-05,5.1029e-09,5.2227e-07,6.4436e-07
9006.51,0.00056558,0.00050178,0.00052276,5.9786e-06,5.3153e-06,3.322e-06,1.5385e-05,3.3528e-05,4.1278e-05,2.3408e-08,5.211e-07,6.4147e-07
9020.11,0.00056365,0.00049953,0.00052053,5.8513e-06,5.3167e-06,3.3027e-06,1.5343e-05,3.3398e-05,4.1091e-05,9.2324e-08,5.1964e-07,6.3854e-07
9033.72,0.0005617,0.00049727,0.00051829,5.7252e-06,5.3185e-06,3.2838e-06,1.5321e-05,3.3266e-05,4.0902e-05,2.4487e-07,5.1778e-07,6.356e-07
9047.32,0.00055974,0.00049501,0.00051605,5.5999e-06,5.3206e-06,3.2652e-06,1.5318e-05,3.3134e-05,4.0714e-05,4.7533e-07,5.1549e-07,6.3266e-07
9060.93,0.0005578,0.00049277,0.00051382,5.4754e-06,5.3226e-06,3.2467e-06,1.5333e-05,3.3002e-05,4.0527e-05,7.236e-07,5.1282e-07,6.2974e-07
9074.53,0.00055588,0.00049056,0.00051163,5.3515e-06,5.3244e-06,3.2281e-06,1.5363e-05,3.2873e-05,4.0343e-05,8.9844e-07,5.0991e-07,6.2686e-07
9088.14,0.000554,0.00048839,0.00050948,5.2281e-06,5.3254e-06,3.2093e-06,1.5407e-05,3.2746e-05,4.0162e-05,9.2652e-07,5.0692e-07,6.2404e-07
9101.74,0.00055216,0.00048624,0.00050736,5.1041e-06,5.3247e-06,3.1895e-06,1.5463e-05,3.2621e-05,3.9984e-05,7.9505e-07,5.0402e-07,6.2125e-07
9115.35,0.00055019,0.000484,0.00050514,4.9706e-06,5.3148e-06,3.1643e-06,1.5524e-05,3.2488e-05,3.9797e-05,5.5931e-07,5.0126e-07,6.1834e-07
9128.95,0.00054915,0.00048258,0.00050377,4.8931e-06,5.3513e-06,3.1678e-06,1.5616e-05,3.2411e-05,3.9679e-05,3.1148e-07,4.997e-07,6.1648e-07
9142.56,0.00054724,0.00048041,0.00050161,4.7612e-06,5.3385e-06,3.1412e-06,1.5687e-05,3.2282e-05,3.9498e-05,1.2678e-07,4.9777e-07,6.1366e-07
9156.16,0.00054554,0.00047841,0.00049964,4.6424e-06,5.3358e-06,3.1211e-06,1.5764e-05,3.2165e-05,3.9332e-05,3.2116e-08,4.9643e-07,6.1107e-07
9169.77,0.00054385,0.00047643,0.00049769,4.5268e-06,5.3345e-06,3.102e-06,1.584e-05,3.2049e-05,3.9168e-05,3.5388e-09,4.9542e-07,6.085e-07
9183.37,0.00054214,0.00047444,0.00049573,4.4134e-06,5.3337e-06,3.0834e-06,1.591e-05,3.1932e-05,3.9003e-05,3.3382e-10,4.9456e-07,6.0593e-07
9196.98,0.0005404,0.00047243,0.00049374,4.3018e-06,5.3333e-06,3.0652e-06,1.5972e-05,3.1813e-05,3.8836e-05,3.8913e-09,4.9366e-07,6.0332e-07
9210.58,0.00053862,0.00047039,0.00049172,4.1918e-06,5.3334e-06,3.0474e-06,1.6024e-05,3.1691e-05,3.8667e-05,3.3452e-08,4.9255e-07,6.0067e-07
9224.19,0.00053679,0.00046831,0.00048967,4.0832e-06,5.334e-06,3.03e-06,1.6062e-05,3.1567e-05,3.8495e-05,1.2737e-07,4.911e-07,5.9799e-07
9237.79,0.00053493,0.00046621,0.00048759,3.9759e-06,5.3349e-06,3.013e-06,1.6085e-05,3.1441e-05,3.8321e-05,3.044e-07,4.8922e-07,5.9527e-07
9251.4,0.00053304,0.00046409,0.00048549,3.8694e-06,5.3361e-06,2.9963e-06,1.609e-05,3.1314e-05,3.8146e-05,5.3447e-07,4.8693e-07,5.9254e-07
9265.0,0.00053114,0.00046196,0.00048338,3.7637e-06,5.3374e-06,2.9797e-06,1.6078e-05,3.1185e-05,3.797e-05,7.4242e-07,4.8431e-07,5.8979e-07
9278.61,0.00052922,0.00045982,0.00048126,3.6583e-06,5.3383e-06,2.963e-06,1.6044e-05,3.1056e-05,3.7793e-05,8.4486e-07,4.8148e-07,5.8703e-07
9292.21,0.00052716,0.00045757,0.00047902,3.5519e-06,5.3378e-06,2.9456e-06,1.5985e-05,3.0919e-05,3.7608e-05,7.9702e-07,4.7851e-07,5.8413e-07
9305.82,0.00052573,0.00045587,0.00047735,3.4482e-06,5.3371e-06,2.9284e-06,1.5923e-05,3.0819e-05,3.7467e-05,6.2024e-07,4.7624e-07,5.8192e-07
9319.42,0.00052501,0.00045479,0.00047634,3.3578e-06,5.3481e-06,2.9184e-06,1.586e-05,3.0762e-05,3.7378e-05,3.8718e-07,4.7491e-07,5.8053e-07
9333.03,0.00052298,0.00045258,0.00047414,3.2522e-06,5.3452e-06,2.9001e-06,1.5732e-05,3.0628e-05,3.7196e-05,1.8091e-07,4.7275e-07,5.7768e-07
9346.63,0.00052126,0.00045063,0.00047222,3.15e-06,5.3438e-06,2.8829e-06,1.559e-05,3.0512e-05,3.7036e-05,5.4368e-08,4.7128e-07,5.7518e-07
9360.24,0.00051962,0.00044877,0.00047039,3.0494e-06,5.3423e-06,2.8659e-06,1.5426e-05,3.0401e-05,3.6883e-05,6.3707e-09,4.7023e-07,5.7278e-07
9373.84,0.000518,0.00044693,0.00046858,2.9501e-06,5.3407e-06,2.849e-06,1.5239e-05,3.0293e-05,3.6732e-05,5.8302e-11,4.6944e-07,5.7041e-07
9387.45,0.00051639,0.00044509,0.00046677,2.8521e-06,5.3392e-06,2.8324e-06,1.5028e-05,3.0184e-05,3.6581e-05,1.9839e-10,4.6874e-07,5.6805e-07
9401.05,0.00051474,0.00044324,0.00046495,2.7555e-06,5.3377e-06,2.816e-06,1.4794e-05,3.0075e-05,3.6428e-05,3.7095e-09,4.6795e-07,5.6566e-07
9414.66,0.00051305,0.00044135,0.00046308,2.6604e-06,5.3366e-06,2.7999e-06,1.4538e-05,2.9964e-05,3.6273e-05,4.1247e-08,4.669e-07,5.6324e-07
9428.26,0.00051131,0.00043942,0.00046118,2.5668e-06,5.3358e-06,2.7841e-06,1.4261e-05,2.985e-05,3.6115e-05,1.4914e-07,4.6547e-07,5.6077e-07
9441.87,0.00050951,0.00043745,0.00045923,2.4746e-06,5.3355e-06,2.7687e-06,1.3963e-05,2.9734e-05,3.5953e-05,3.3254e-07,4.6363e-07,5.5824e-07
9455.47,0.00050765,0.00043543,0.00045723,2.3838e-06,5.3355e-06,2.7536e-06,1.3648e-05,2.9615e-05,3.5787e-05,5.473e-07,4.6137e-07,5.5565e-07
9469.08,0.00050567,0.00043331,0.00045512,2.2944e-06,5.3357e-06,2.7387e-06,1.3315e-05,2.949e-05,3.5614e-05,7.1549e-07,4.5875e-07,5.5293e-07
9482.68,0.00050322,0.0004308,0.0004526,2.2056e-06,5.3357e-06,2.7238e-06,1.2959e-05,2.9338e-05,3.5408e-05,7.6607e-07,4.5558e-07,5.4972e-07
9496.29,0.00050192,0.00042927,0.00045112,2.119e-06,5.3348e-06,2.7086e-06,1.2622e-05,2.9254e-05,3.5283e-05,6.7856e-07,4.5347e-07,5.4776e-07
9509.89,0.00050207,0.00042899,0.00045095,2.0393e-06,5.3372e-06,2.6958e-06,1.2313e-05,2.9256e-05,3.5261e-05,4.9041e-07,4.5285e-07,5.4741e-07
9523.5,0.00049994,0.00042677,0.00044872,1.9556e-06,5.3365e-06,2.6809e-06,1.1941e-05,2.9126e-05,3.5079e-05,2.7457e-07,4.5047e-07,5.4456e-07
9537.1,0.00049816,0.00042485,0.00044683,1.8742e-06,5.3353e-06,2.666e-06,1.1576e-05,2.9017e-05,3.4922e-05,1.0746e-07,4.4877e-07,5.4211e-07
9550.71,0.00049652,0.00042305,0.00044505,1.7947e-06,5.3336e-06,2.651e-06,1.1212e-05,2.8917e-05,3.4775e-05,2.1278e-08,4.4756e-07,5.3981e-07
9564.31,0.00049494,0.00042131,0.00044334,1.7171e-06,5.3314e-06,2.6359e-06,1.0852e-05,2.8821e-05,3.4633e-05,9.6007e-11,4.4671e-07,5.3759e-07
9577.92,0.00049339,0.0004196,0.00044167,1.6414e-06,5.3287e-06,2.6208e-06,1.0495e-05,2.8728e-05,3.4494e-05,3.2471e-09,4.4609e-07,5.3541e-07
9591.52,0.00049185,0.0004179,0.00044,1.5678e-06,5.3258e-06,2.6058e-06,1.0144e-05,2.8637e-05,3.4355e-05,1.8811e-09,4.4552e-07,5.3324e-07
9605.13,0.00049029,0.00041619,0.00043832,1.4961e-06,5.3228e-06,2.5909e-06,9.8007e-06,2.8545e-05,3.4216e-05,2.2561e-09,4.4483e-07,5.3106e-07
9618.73,0.00048869,0.00041445,0.0004366,1.4263e-06,5.32e-06,2.5762e-06,9.4653e-06,2.8452e-05,3.4074e-05,3.955e-08,4.4388e-07,5.2884e-07
9632.34,0.00048702,0.00041266,0.00043484,1.3584e-06,5.3174e-06,2.5618e-06,9.1396e-06,2.8356e-05,3.3928e-05,1.4699e-07,4.4254e-07,5.2657e-07
9645.94,0.00048526,0.0004108,0.000433,1.2924e-06,5.3152e-06,2.5476e-06,8.8246e-06,2.8256e-05,3.3777e-05,3.2255e-07,4.4077e-07,5.2419e-07
9659.55,0.00048332,0.00040878,0.000431,1.2281e-06,5.3134e-06,2.5338e-06,8.5201e-06,2.8145e-05,3.3613e-05,5.1766e-07,4.3852e-07,5.2163e-07
9673.15,0.00048065,0.00040616,0.00042835,1.1653e-06,5.3116e-06,2.5201e-06,8.218e-06,2.7993e-05,3.3398e-05,6.5692e-07,4.3538e-07,5.1829e-07
9686.76,0.00047933,0.00040468,0.00042691,1.1041e-06,5.3117e-06,2.5074e-06,7.955e-06,2.7921e-05,3.3278e-05,6.8293e-07,4.3338e-07,5.1641e-07
9700.36,0.00048011,0.00040498,0.00042734,1.0458e-06,5.3104e-06,2.4944e-06,7.742e-06,2.7971e-05,3.3305e-05,5.8482e-07,4.3332e-07,5.1681e-07
9713.97,0.00047794,0.0004028,0.00042516,9.8789e-07,5.3089e-06,2.4813e-06,7.4975e-06,2.7851e-05,3.3127e-05,3.9953e-07,4.3078e-07,5.1404e-07
9727.57,0.00047613,0.00040091,0.0004233,9.3157e-07,5.3073e-06,2.4681e-06,7.2761e-06,2.7752e-05,3.2974e-05,2.0613e-07,4.2886e-07,5.1165e-07
9741.18,0.00047445,0.00039915,0.00042155,8.7681e-07,5.3051e-06,2.4549e-06,7.0746e-06,2.7661e-05,3.2831e-05,6.8085e-08,4.274e-07,5.0941e-07
9754.78,0.00047285,0.00039746,0.00041989,8.2364e-07,5.3024e-06,2.4415e-06,6.8922e-06,2.7576e-05,3.2694e-05,7.3772e-09,4.2636e-07,5.0727e-07
9768.39,0.00047132,0.00039583,0.00041829,7.7209e-07,5.299e-06,2.428e-06,6.7285e-06,2.7496e-05,3.2562e-05,1.703e-09,4.2566e-07,5.0521e-07
9781.99,0.00046983,0.00039424,0.00041673,7.2222e-07,5.295e-06,2.4144e-06,6.583e-06,2.7418e-05,3.2433e-05,9.819e-09,4.2516e-07,5.032e-07
9795.6,0.00046835,0.00039267,0.00041519,6.7408e-07,5.2906e-06,2.4007e-06,6.4554e-06,2.7341e-05,3.2306e-05,6.1124e-09,4.2471e-07,5.0121e-07
9809.2,0.00046687,0.0003911,0.00041365,6.2771e-07,5.2859e-06,2.3871e-06,6.3449e-06,2.7265e-05,3.2179e-05,2.9668e-10,4.2415e-07,4.9922e-07
9822.81,0.00046536,0.0003895,0.00041208,5.8317e-07,5.2809e-06,2.3735e-06,6.2509e-06,2.7186e-05,3.205e-05,2.8916e-08,4.2333e-07,4.9721e-07
9836.41,0.00046377,0.00038785,0.00041045,5.405e-07,5.2759e-06,2.3601e-06,6.1724e-06,2.7104e-05,3.1916e-05,1.2486e-07,4.2213e-07,4.9512e-07
9850.02,0.00046202,0.00038607,0.00040869,4.9971e-07,5.2707e-06,2.3467e-06,6.1079e-06,2.7013e-05,3.1772e-05,2.8623e-07,4.2046e-07,4.9287e-07
9863.62,0.00045966,0.00038378,0.00040638,4.6082e-07,5.2636e-06,2.3327e-06,6.0507e-06,2.6886e-05,3.1586e-05,4.6644e-07,4.1794e-07,4.8997e-07
9877.23,0.00045817,0.00038222,0.00040485,4.2394e-07,5.2647e-06,2.3221e-06,6.0199e-06,2.681e-05,3.146e-05,5.9683e-07,4.1599e-07,4.88e-07
9890.83,0.00045886,0.00038249,0.00040526,3.8903e-07,5.267e-06,2.3122e-06,6.032e-06,2.6863e-05,3.1485e-05,6.2342e-07,4.1594e-07,4.8837e-07
9904.44,0.00045679,0.00038045,0.00040322,3.5604e-07,5.2622e-06,2.2995e-06,6.0212e-06,2.6753e-05,3.132e-05,5.2842e-07,4.1343e-07,4.858e-07
9918.04,0.000455,0.00037866,0.00040144,3.2508e-07,5.2587e-06,2.2874e-06,6.0266e-06,2.666e-05,3.1175e-05,3.5734e-07,4.1134e-07,4.8354e-07
9931.65,0.00045331,0.00037695,0.00039975,2.9615e-07,5.2553e-06,2.2755e-06,6.0452e-06,2.6573e-05,3.1037e-05,1.7965e-07,4.0963e-07,4.8139e-07
9945.25,0.00045169,0.00037531,0.00039813,2.6928e-07,5.2516e-06,2.2636e-06,6.0754e-06,2.649e-05,3.0904e-05,5.5025e-08,4.083e-07,4.7932e-07
9958.86,0.00045013,0.00037372,0.00039657,2.445e-07,5.2476e-06,2.2516e-06,6.1163e-06,2.6411e-05,3.0776e-05,3.8257e-09,4.0734e-07,4.7733e-07
9972.46,0.00044863,0.00037218,0.00039506,2.2182e-07,5.2429e-06,2.2394e-06,6.1667e-06,2.6335e-05,3.0653e-05,4.2666e-09,4.0671e-07,4.754e-07
9986.07,0.00044717,0.00037069,0.0003936,2.0126e-07,5.2375e-06,2.2272e-06,6.2255e-06,2.6261e-05,3.0533e-05,1.5822e-08,4.0628e-07,4.7353e-07
9999.67,0.00044575,0.00036923,0.00039217,1.8281e-07,5.2314e-06,2.2148e-06,6.2911e-06,2.619e-05,3.0415e-05,1.2051e-08,4.0592e-07,4.717e-07
